1
0.765723048928282
0.649944679356128
0.555317522677149
0.476701169650799
0.399921086355739
0.328010844054706
0.261979490410357
0.207626023472832
0.162565820290396
0.130803461696056
0.105546994928445
0.087675389668913
0.0798162210466984
0.0851608037698655
0.0829493991383297
0.0643046631080696
0.0379623426391904
0.0196415693974176
0.00881953034887047
0.00542752339110586
0.00787400900175685
0.0137930647726884
0.0238558218827483
0.037521252971733
0.049682971322236
0.0690049922141539
0.0897494446511994
0.114402575040082
0.139160155769635
0.150236894188943
0.134325709253458
0.105918018822153
0.0780562390552877
0.0522979575456289
0.0336412082025919
0.0170823451926813
0.000464372432854502
-0.0146322687112785
-0.0249319064972976
-0.0292919628050909
-0.0284432042459032
-0.0255199818265689
-0.012388924964961
0.00507317540591943
0.0192133609490673
0.0180543804425949
0.0114289568049553
0.0108921749919675
0.0196561953664946
0.0321890270266047
0.0491400493227698
0.0765248166256051
0.105999063133687
0.144746724676177
0.185729364947766
0.227034782583478
0.271538705686834
0.317818379734539
0.364020022007242
0.389156659157353
