1
0.870514275391759
0.75506036490638
0.642189152311778
0.545575395474702
0.462011966636609
0.396932734697505
0.34476572470033
0.304622054175751
0.27334853289996
0.248755879175111
0.228721337949951
0.212678414578632
0.19711546684698
0.182995817967494
0.17144030266154
0.162284176546297
0.152809344764582
0.141104188049633
0.129212730443554
0.118873049162548
0.110698545581727
0.103861768035345
0.0969566403138775
0.0917667870770087
0.0885361718625603
0.0881371719861433
0.0918941751895705
0.0985462681441675
0.104377278345218
0.106826555620527
0.102040739402768
0.094028880449868
0.0824357058420392
0.0718969316328396
0.0623890989346064
0.0530121044411182
0.0480817143413615
0.0476024394082144
0.0482024979789469
0.0505148127349028
0.0537818658459898
0.0602269224446871
0.0644732047730551
0.0690858503064387
0.0725380368437096
0.0750385761638597
0.0769992734011316
0.0766308918076758
0.0743936000704444
0.0735975371899725
0.0704834819594706
0.0696151249718787
0.0683749492268894
0.0699703334578685
0.0724577812856294
0.0770048840972904
0.0840938667375429
0.0929063776356162
0.106026010862145
0.117254003959417
