1
0.740548675298749
0.63603316762203
0.550383209695333
0.47492229658666
0.404758136873827
0.338712659379496
0.277298227749784
0.230201431705883
0.189083442906947
0.158001434264653
0.133870209440599
0.1180763365495
0.110156495756053
0.115711528706904
0.117208084248326
0.101590449876795
0.0754475574277566
0.0600205274827771
0.0500693977911341
0.0457677596702275
0.0445130418061979
0.0458738429028987
0.0525212194626703
0.0607122434702583
0.0701235861793542
0.0813845202442565
0.0990628386288863
0.12103303378823
0.144601745620958
0.159310703926788
0.144141972846796
0.118160067985293
0.0910022460800646
0.0727120861232052
0.0584337752843744
0.0452941764450424
0.0335660775594309
0.0271418103286238
0.0196756867074233
0.0145424902002842
0.015006980572583
0.0196943176871717
0.0301319960344717
0.0484989568709749
0.0579694734420356
0.0585073575324997
0.0492788988040924
0.0479445762718989
0.0526946550666464
0.0639419857151845
0.0799018344023957
0.100439850865761
0.127684923779037
0.156707730251771
0.192115984330204
0.226650719191598
0.262968939938455
0.303277262132832
0.341529461343773
0.363470173627505
