1
-0.17247393416551
0.0628184667021541
0.146885837395267
0.0403910127143623
0.0535849169220856
0.0678440520444114
0.0289734285812284
0.0441017613206001
0.0523434901632875
0.0321897732489949
0.0315086894539802
0.0548637406836719
0.0164298391513884
0.017278151733977
0.0553739703775854
0.0328980353828707
0.00970889107009299
0.0329486642480488
0.0188140394550788
0.0398657099098079
0.0318482436626124
0.0131807122570558
0.0120467722146161
0.0413663078756087
0.0333848917351995
0.00741001625821706
0.0408347186830041
0.0179777381622273
0.00940572847756393
0.0600647347244367
0.00878411117824147
0.0234192215144456
0.0360724448060052
0.000569948653164486
0.0295927702018963
0.0325309311933742
0.00928834826232692
0.00562334033997964
0.0347245724404958
0.0260178818356462
0.0142083567352822
0.0206455165122864
0.0102477118455272
0.0140207962505247
0.0392879856765649
0.0102449767517007
0.00166074126895398
0.0285429942759725
0.0113655975811211
0.012128358447598
0.0370281758119369
0.0130522653042882
0.0049905668007387
0.0357466141582254
0.0228660823961388
0.00540256049838573
0.0484090220395737
0.00658958939737725
-0.00400306633635587
0.0899869983970497
