1
0.769312198532844
0.651062710422133
0.549028635970639
0.459271708803469
0.367987414266816
0.28815662106658
0.218699107435913
0.165619752004881
0.126414611003663
0.0973769603103416
0.0746170772762491
0.0635555420639034
0.0617150749981566
0.0687387653316518
0.073183968008952
0.0576417513121927
0.0359318440876354
0.0219659320630089
0.01220790596382
0.00910538879607971
0.00774949239512633
0.0111138262175718
0.0188545927887066
0.0327483959494344
0.0484219786894229
0.0673060944185998
0.0900611492563474
0.120084416935332
0.151972339682562
0.170041946307983
0.152173718454216
0.122536400765031
0.0893663448206671
0.0643951164774507
0.0412572663282004
0.020435240384904
0.00256366129839061
-0.0105156480817308
-0.0188770848517307
-0.0199837067746767
-0.0231679252421438
-0.0138145091604268
0.00286017821197848
0.0261254996217513
0.0399654609766753
0.0375093727502751
0.0309031688691994
0.0304360129151851
0.0358322182071772
0.0479551429427868
0.0646905176909984
0.0887387633296083
0.118111770705701
0.154425071329351
0.19848297621895
0.246165044860052
0.294971479658601
0.344200961899098
0.393945187825165
0.424303790103716
