1
0.924189167261364
0.812644009261042
0.668005361833457
0.504514896687659
0.340353188603371
0.192791486764081
0.0758983118550207
-0.00848604105335513
-0.0553292289707321
-0.0699562113219065
-0.0578319259355466
-0.019193607305823
0.022203881684214
0.0650734370978996
0.0968287198096538
0.104721768412051
0.0908953268248434
0.0671233819464787
0.0387199299021676
0.0112578451892721
-0.00901818931397319
-0.0142950163789616
-0.00552440119430885
0.0211462665199416
0.0584986120977704
0.103978657937858
0.150800341491344
0.19196257503556
0.220019299103934
0.224765283869584
0.206719982403962
0.166944510170343
0.111985716175064
0.04973293530144
-0.00739052921276002
-0.058237269113548
-0.0930245342763851
-0.113213145104143
-0.117017057581905
-0.103732987036006
-0.0828083448429344
-0.0514732800639821
-0.0243264470342313
-0.00133552129731096
0.0032474275805265
-0.00939871585393692
-0.0430073791911881
-0.0807826303996623
-0.115614031482034
-0.142199397776253
-0.154120895380268
-0.148586464035009
-0.12595280364531
-0.080451962090824
-0.0207631344404404
0.0528219110349373
0.129880657565072
0.199007064177129
0.250785478508605
0.272728513851381
