1
0.860751427006682
0.738427394876982
0.621156119650219
0.516880705853783
0.428653066028802
0.357445255215454
0.304415547603824
0.266697341291581
0.241044577189525
0.222402915140319
0.205399745970394
0.191954287821615
0.181165541595454
0.169907045095227
0.157416057430771
0.146495054809726
0.135771580736808
0.124349963546948
0.111425197463927
0.0995763167274887
0.0879986097754741
0.0769380280973287
0.0670112073856661
0.0627210105355044
0.0630402686099281
0.0675349851653048
0.0761046893724907
0.0868537719010223
0.0955041023555427
0.0986458976390254
0.0967046847584925
0.0904532773315181
0.078954113107121
0.0691868516151183
0.0592755956916081
0.0500589364524613
0.0450467233136958
0.0392179567038981
0.0373436273774321
0.0366609533437798
0.036317727827597
0.0369086049888847
0.0386793389268143
0.0428287744283887
0.046987295162109
0.0489686481945945
0.0498118293746035
0.0486981115061917
0.0453591874215464
0.0439259738641124
0.0413910604942951
0.0409012143567629
0.0419106753234672
0.0441321212383281
0.0467027528407618
0.0511836122887016
0.0581745462669079
0.0680973163439272
0.0764875258794612
0.0814891704076501
