1
0.765297166631378
0.644211517923748
0.541734043699032
0.450201739613541
0.362932770790189
0.281704885682236
0.207456226483342
0.150538428967534
0.102547429546835
0.0689681577964655
0.0496579111320089
0.038631517973054
0.0361066000309686
0.0474611376650005
0.0512563126889448
0.0317569253297232
0.00846764348019602
-0.0107817457651995
-0.0231246170100984
-0.0270310330098644
-0.0290758340467823
-0.028351859959149
-0.0189277412690768
-0.00266150628201866
0.0155986821561357
0.0345133583079108
0.0588170625298038
0.0897361172342051
0.12083375703566
0.137319221992256
0.117729446815943
0.0860157312252168
0.0556748801228636
0.0300867414333089
0.00969450452024947
-0.00825010117357531
-0.0239868230899152
-0.0352892469059496
-0.043498498780272
-0.0441165645313075
-0.0429297067594712
-0.0344418922183499
-0.0185979446169221
0.000748193878281322
0.0142832716035164
0.0110638474583655
-0.0042634427039193
-0.00787247747015999
-0.00348506799838581
0.00735142122070228
0.024215051620717
0.0508205148255026
0.082402048773715
0.121435810230829
0.167016461813651
0.214262939204025
0.264676658377792
0.317637781801551
0.365492374929795
0.391065983511752
