1
0.732457723723157
0.689045326715581
0.641844223755159
0.59316405947115
0.550772589713561
0.504441976148497
0.469240186501841
0.433792463869595
0.394731355407051
0.359758072411787
0.328277258036758
0.305946929221046
0.28258558328895
0.266694567631278
0.255491950852483
0.230360977994038
0.21356925485422
0.198046041552792
0.183754757489972
0.176449652225189
0.167546979871521
0.166097274787787
0.159225434333157
0.150618638217969
0.1468978606243
0.141710497957842
0.139949693044948
0.141965250413633
0.142394397240346
0.150437173096365
0.132385201846608
0.118969804283154
0.105653657667976
0.0935059447661594
0.0853680629202611
0.0766047120938412
0.0696362649414566
0.0607098514668397
0.0480665583472059
0.0366775471516972
0.0251341302125054
0.0166973362006229
0.00903942049733472
0.00488311710550602
0.00434285940767315
-0.00656309977284041
-0.0115120937684473
-0.014978031282792
-0.0197306221819085
-0.0190154002691996
-0.0168022189772258
-0.0163344307992706
-0.0145976774933701
-0.0152730962821709
-0.0146652445338648
-0.0154945084615523
-0.0138945213955873
-0.0101003031440683
-0.00552735258255955
0.00439588470574785
