1
0.895314919257647
0.796237832017715
0.691287628251874
0.592249182998675
0.50760221071549
0.438024407618385
0.381688590425562
0.337917204482378
0.304605452627473
0.277991427780152
0.257105841305032
0.241047423914675
0.226401780976486
0.212473095470931
0.199832436377858
0.186026972923909
0.172181455851782
0.159067393803572
0.145576598992696
0.133498233983616
0.122985542413936
0.113578342409367
0.109195007484249
0.108632074117282
0.110736398566151
0.115351847977329
0.12104278935196
0.128728481626363
0.135446072267381
0.137660487614654
0.131182093708937
0.120216483355775
0.106477547731188
0.0922884131681107
0.080050427970501
0.0705314865355561
0.064777940179728
0.060811716887059
0.0602458872296822
0.0606778689469922
0.0627517346263283
0.0676279585955561
0.0733043078355359
0.077605070615064
0.08025943512347
0.0815147626043946
0.0799704320126696
0.0772779693378902
0.0744617241040491
0.0722700098111244
0.0708426799326308
0.069428465487305
0.0698087533130417
0.0732348149549653
0.0775732600563563
0.0865954673200933
0.0991098344102214
0.11224839744625
0.122522254623505
0.127756580184712
