1
-0.0957241782413334
0.0535952548893954
0.184416182436812
0.089558863726223
0.0679306333886422
0.099610029684944
0.0421542950486161
0.0715677319893648
0.0755079388486083
0.0464655681341084
0.0473246651290403
0.0746808872588914
0.0270338865531304
0.0399797106345414
0.0709906795231616
0.0347281096105379
0.033605184828215
0.0447388499988969
0.0431335666163468
0.0535155557857528
0.0415338622170209
0.0423449101240651
0.0286283698269663
0.0505580352593399
0.0477035910704857
0.0189937307283268
0.0587150649845842
0.0404020771532362
0.0182584848362102
0.0643549802929739
0.029733288342947
0.0227513943720343
0.0346286755049556
0.0304755045562905
0.0245458702950011
0.0390155582438389
0.0260842373168237
0.0158111783134334
0.0407340017719011
0.0375959387403613
0.0286424738924929
0.033165328369583
0.0157954046427259
0.0316209807362695
0.0492264209552322
0.0148205453582629
0.0166122567828687
0.0420404628425579
0.0264207413751764
0.0205899386049954
0.039927274054127
0.0211574368255002
0.0121323467860737
0.0346621315004768
0.0333252636226692
0.0162808889920117
0.0505974965592322
0.0162375465335433
0.0147179111611468
0.0752186365717243
