1
0.869160108665976
0.734275422032287
0.602890803287493
0.480651906498117
0.381624607901078
0.304054128273347
0.244430522106792
0.204641155830487
0.178789726742821
0.163115416558802
0.152266486114819
0.143739359159878
0.134534081787121
0.12449217756511
0.116096063032273
0.107836494532048
0.0992325164791009
0.0919851929674825
0.0836562501684234
0.076634028390963
0.0722014241254544
0.0678476084484913
0.0668832285506347
0.070271479121628
0.0781698951013858
0.0876203130234603
0.0992582013123847
0.111983366395086
0.120660843160927
0.125715676131784
0.118039854694969
0.10527860823315
0.0888744852898091
0.0745906663707402
0.063008250056072
0.0551192378070927
0.0498769110294739
0.0495781762310564
0.0505052083601249
0.0530875755499464
0.0531789438493837
0.0555547026859957
0.0576636653387408
0.0585163758563738
0.0581161597096592
0.053461662564383
0.0478714266502307
0.0411182972570815
0.0343961746317072
0.0305796472363448
0.027458946544471
0.0270210280359122
0.0289704064625492
0.0362302732393918
0.0453933851747533
0.0573407760546848
0.0733293133733056
0.0917602065641874
0.107674094859447
0.120130349392374
