1
0.856612339076562
0.739606954460938
0.618783710137479
0.510912297027284
0.420341076343329
0.344893583451057
0.284434990204997
0.242679690205933
0.211999582614306
0.192724999603509
0.177927207255658
0.167115322112238
0.155567377293524
0.147892416673145
0.141551646718683
0.134072206477291
0.126361019090725
0.116461311585763
0.104368382959951
0.094059155033986
0.0835394921346419
0.0735554952884019
0.0676682682934
0.0676999759117197
0.0741809632489656
0.085780054594736
0.100080658079054
0.110883103941045
0.11884842744083
0.123456713197541
0.116956572749865
0.10612561000254
0.0928679642384394
0.077305820956783
0.064564242035784
0.0525427975872288
0.0435020770655533
0.0385132182694363
0.03668269612611
0.0371162620550598
0.0377366729517859
0.0391359054202762
0.0413667072326435
0.0427184038217221
0.0468943675181993
0.0475652278875662
0.0495952534556901
0.0474024788208424
0.0428607927330949
0.0386456556762875
0.0340326222754134
0.0328015838512417
0.0338660270144572
0.0378090225312721
0.0464434981006669
0.0589832907288777
0.07520081580617
0.091197851025437
0.105667612626432
0.113837844153736
