1
0.756446104867012
0.678530725785526
0.617312737037386
0.560352570112769
0.511754805744762
0.459789531998643
0.411540954588996
0.35897501076792
0.320376630285829
0.287960463966456
0.249717613543431
0.229254779986458
0.203940302361841
0.186741626605241
0.174902032922477
0.153169819232886
0.144215377770316
0.133564142184125
0.126687057243642
0.112735731642423
0.100668417826231
0.0891895593562824
0.0808175028350884
0.0694234821835638
0.0637901055125643
0.0596444240438867
0.0582980259294569
0.0581555729860001
0.0592604393487504
0.0623877990487796
0.0600808774227657
0.0646174292301351
0.0644429743718817
0.0736398791435706
0.0831961032580659
0.0855575182154369
0.092869818758097
0.104571010749414
0.114516950762379
0.122611551036041
0.128255013440518
0.139912309078846
0.140636732111366
0.14764558172462
0.156564630668715
0.160127526053951
0.159618508808368
0.161148955625621
0.157634854659749
0.164965903471837
0.16461377039032
0.158917529941818
0.156002686506158
0.153468178362823
0.156332595450643
0.15128851062605
0.148937023368852
0.148464154464122
0.149257525690711
0.149629201151842
