1
0.966454996035205
0.92270468105647
0.867781912857983
0.809585413177291
0.755181178721295
0.706624681969906
0.67076174949426
0.646505232190509
0.631624608146765
0.623157029892267
0.620448129105056
0.623387820717252
0.629520215532072
0.632046733788633
0.631082421469893
0.626042599299013
0.614097183342033
0.597240225225542
0.579451796244979
0.56306612506073
0.548196604017394
0.538839604559945
0.534999851369407
0.536421502968279
0.54144903112541
0.550437259385774
0.559699282911536
0.569278805002176
0.57308665675271
0.569745829878409
0.557531107103006
0.538070613507705
0.515687904698459
0.488725798805758
0.461857714065455
0.439918889038505
0.420191214731241
0.407636551156091
0.399371425483513
0.396375736558087
0.396653779114864
0.397568472439756
0.398436391422501
0.394058969531322
0.386266784429343
0.374907465153511
0.360390877782741
0.344800370414995
0.325970149268425
0.31177602137761
0.299514524260059
0.293143050742291
0.291726822683513
0.294165934341112
0.299595296619417
0.311361637322465
0.322458963192377
0.332321966144516
0.337009317267848
0.334032763300574
