1
0.964572144133652
0.915813101549068
0.85594426136972
0.791243789885012
0.726709195029064
0.664406915181811
0.607040865923439
0.556353424681581
0.510347223148503
0.471578255682592
0.438862389304257
0.411659334972418
0.389833141736587
0.374089975266603
0.361361389069098
0.350157526221752
0.338584191711653
0.329176954115441
0.32046039715689
0.313882100206128
0.313236438424634
0.315773703919162
0.321066662442591
0.327661749489134
0.335420543733523
0.344155316776553
0.352470266696811
0.356402671329274
0.354631020755168
0.348510265332411
0.334779289418862
0.319777536649167
0.300691551410055
0.282558648813054
0.267940808352204
0.254243654480408
0.243273312345327
0.233807267778658
0.22699231695737
0.220709199666723
0.217201156800636
0.212690724218507
0.206571394784447
0.20121494921851
0.195116045566196
0.189675426498486
0.187859409600015
0.188790630220005
0.191176841334475
0.195446321576636
0.202473965222479
0.208756680407163
0.216090047995735
0.223613614358293
0.232355135742196
0.242794668229369
0.253170452996517
0.259699040767383
0.263868862475592
0.257898880252024
