1
0.875364871412289
0.76881797085459
0.659306298951196
0.560865670638693
0.476238414950204
0.406627642272536
0.351190042904256
0.309039283871206
0.276544294998152
0.252321245058804
0.230297789104472
0.212538490749649
0.196722732350213
0.183879251418465
0.173640339120988
0.162641788183437
0.152449654171223
0.139163345085722
0.127702005842455
0.119332730855253
0.110374905593682
0.103516409655561
0.099078011238645
0.0984657654534058
0.100721833075522
0.104267765004116
0.109814064839192
0.115000661275865
0.117716819129875
0.117840329171272
0.111313529817695
0.102169801290035
0.0904576001766933
0.0785041578372949
0.0703733538693463
0.0643636530628357
0.0599718891682988
0.0580644923784654
0.0561018194761141
0.0553875662860835
0.0539860311773949
0.0560171720278904
0.0569578941518427
0.0580258339152202
0.0596578407709779
0.0597143030246346
0.059147980314451
0.0567154455197259
0.0531392942245817
0.0516436215862039
0.0503372584058176
0.0493817604904611
0.0495348781040724
0.0501597122609265
0.0533174667532604
0.0584790228498205
0.0643900890723928
0.0731332453107905
0.0817304688810062
0.0874936520417857
