1
-0.241684902544084
0.0390411814423159
0.163806861045128
0.0226534573830757
0.0557209387982809
0.0732805351984842
0.0312745125015514
0.0469112974546267
0.0565200014187479
0.0383129150661228
0.0296176899316669
0.0650961795753224
0.0178052671208491
0.0229923313358524
0.0623881926150095
0.0282894304913845
0.029657232075402
0.0305541760615127
0.0282830249192702
0.0387536291889012
0.034004447145327
0.0230233683108662
0.00883054968747992
0.0475893285244374
0.0322729835508282
0.00362676444914664
0.0443282844241795
0.0187128530740292
-0.0023758473005987
0.0651496033289489
0.00678582015739822
0.0186013969635355
0.0322702529099449
0.0117883251348804
0.028038819903128
0.0320293147884304
0.0145826148412274
0.00928997872602362
0.0327661785037299
0.0333725714452288
0.0185713115427078
0.0193497282050035
0.0155293030438133
0.0156375874474413
0.0414347994964029
0.00661583535571187
0.0119886060359196
0.0306730136736325
0.0157779284033866
0.0138361253948711
0.0286508584765709
0.0223954162254392
-0.00287004200242613
0.0296693314002294
0.025890399762145
0.00161198397285796
0.0444088233091734
-0.00273414462303197
-0.00645906218302892
0.0790457314485599
