1
0.897100638830788
0.764284408376482
0.604862147287902
0.444422267629768
0.297354734045984
0.173027362656074
0.084263916440366
0.0276156051375913
0.00549174690896457
0.0112122604608874
0.0353014818292859
0.075129370276224
0.122373318573822
0.16327793948625
0.181111314339723
0.177565412921112
0.147667530558628
0.105685087120659
0.0535680353362319
0.0120789943481034
-0.0219792898584043
-0.041163167110539
-0.0379501495210368
-0.0179865830750322
0.02121962135496
0.0656525801471449
0.119497062119853
0.171247902961492
0.211950431479917
0.231991032100603
0.225014260699468
0.195640594456697
0.150341575576319
0.0985402008220396
0.0439002462402561
-0.00588381165366053
-0.0469339209321534
-0.0746887183109773
-0.077798911367733
-0.0632699284695125
-0.0375579049854093
-0.00646003190213835
0.0254591041482733
0.0510478729528864
0.0596442266977489
0.0498199153297383
0.0226201477404981
-0.00805600043209981
-0.0379012155942114
-0.0615937889302193
-0.0763625047439543
-0.0805763106843169
-0.0620248775525249
-0.0239029459194442
0.0266711811156642
0.0874286504458457
0.144580747721589
0.200776143863548
0.244500714420762
0.269013460663858
