1
0.871772755687207
0.754923249447311
0.625259049171054
0.51149593488126
0.411514558428288
0.336485882565113
0.278297145912857
0.238294540349711
0.209632948109102
0.190934232505711
0.176498928666049
0.16644482676938
0.156170997642894
0.147576104194812
0.138681403079886
0.129328712107769
0.119016683951118
0.108113339352451
0.0958241588775312
0.0853618362406049
0.0761971904052634
0.0679340799347427
0.0624451114900766
0.0596625210960682
0.0615512787602748
0.0702523765089965
0.0823500271616787
0.0949731390831244
0.10390559689625
0.109132997785854
0.104177035987769
0.0939803106969025
0.0806202108310529
0.0654688124892579
0.0519544855998112
0.0422672715142034
0.0361829327764435
0.0337104517696229
0.0333344137741959
0.0374424618501632
0.0413717694885912
0.0462142543796783
0.0493148297236786
0.0509024370189934
0.0509202423976549
0.0502528313967309
0.0469876292089851
0.0409098760927621
0.035417484951296
0.0288060224514328
0.0237640711414439
0.0207795707613919
0.022132404300247
0.0271241786878756
0.0366811191638414
0.0490212130162492
0.0637516844812894
0.0774008822844774
0.0900012772618085
0.0941782364007465
