1
0.769642337424527
0.661802264931547
0.568784111880924
0.482754590799504
0.404870657052486
0.328641789075502
0.264257941824959
0.211022400759244
0.168214252934611
0.13971939590742
0.114738447701816
0.101688985634633
0.097686030712985
0.101129993183252
0.105905255916753
0.0829073170125457
0.0600565753502354
0.0426781134896084
0.0300765279579557
0.0264982379269521
0.020934727456617
0.0225565331104482
0.0282356986822632
0.0384325305635036
0.054805716254945
0.0690975207452378
0.0897605326008416
0.115609308532587
0.140802236831737
0.161704567261697
0.140261696251944
0.115336122718968
0.087507349760237
0.0648029031276422
0.0491716398257201
0.0299325107617807
0.0156531386761712
0.00564169165954622
-0.000675737971908215
0.00102317412428126
-0.000232641208539354
0.00770540668045976
0.0211914765602019
0.0387264622549519
0.0580232737452382
0.0510445992050077
0.0456141987157967
0.0439454708869967
0.048072350848226
0.0628298719388084
0.0754725037819643
0.0989616436249207
0.127998873222648
0.162645422445091
0.205983976296331
0.246256640989873
0.292014826698819
0.340991208052739
0.385349205369303
0.418132221847021
