1
0.890363500833507
0.788177781237766
0.679583506079877
0.581879326590712
0.497753612410377
0.426098677355222
0.36832070791932
0.324474440732604
0.290646975908382
0.264175783660717
0.242822942532704
0.226608916673377
0.212776871259951
0.199521197513827
0.187524597411593
0.17340042006008
0.158826939344065
0.144224498204559
0.131093880575731
0.119515772025759
0.107684556513769
0.100296691213128
0.0953734883810066
0.0926677111211221
0.095329464659171
0.100138872350423
0.11041629019226
0.121997947283288
0.133628790669302
0.140180930527265
0.134291809471292
0.124454569711293
0.112678002104888
0.100189575646482
0.0904393542247661
0.0819777167661852
0.0761107301620964
0.0728304823324566
0.0731946354691247
0.0736387186483752
0.0745866493249645
0.0763065810791901
0.0772111822702613
0.0793386853453799
0.0802999243345118
0.0775575697755836
0.0732241674009336
0.069369451031887
0.0660828310162555
0.0640029008497476
0.062891100746088
0.0621445058576938
0.0644929943711505
0.0700223802190109
0.0780488595851818
0.0869803584589773
0.0989631453431614
0.111520780643716
0.123280858378954
0.129529428269076
