1
0.817973453452639
0.717223911163984
0.619615669315889
0.530750438904758
0.448109058780525
0.372877133874075
0.306146558134166
0.255724400440393
0.211113116755515
0.181859959454134
0.158943408911238
0.147185219529025
0.144508077356315
0.145196634493077
0.143424430314739
0.123438397082691
0.101081305154426
0.0836220809442984
0.0701149240298103
0.0645208892549068
0.0604369382906928
0.0637479352651184
0.0683002117405514
0.080970826511843
0.095123275923832
0.112861903916063
0.136995132197668
0.165157542942963
0.190779924451806
0.208687565428991
0.19352448675218
0.169353704582716
0.140675713907469
0.117517339072272
0.0974011658337586
0.0803200698018055
0.0652578890462244
0.0557711029480978
0.0494067968587977
0.0494022569681047
0.0510203648682761
0.0608323341029466
0.0754816104751926
0.0951571215535726
0.112542807937956
0.110018316718159
0.103764442562805
0.104007503607357
0.106815438055084
0.11891464966142
0.13392576934444
0.158700500820966
0.187712199136004
0.222344822621936
0.265674463334647
0.312245899502947
0.363148374951362
0.416034727520409
0.465990387807801
0.496106674374581
