time,frequency
0,50.03
0.5,50.02
1,50
1.5,49.98
2,49.97
2.5,49.97
3,49.98
3.5,49.98
4,49.96
4.5,49.98
5,50.01
5.5,49.99
6,50
6.5,50.01
7,50.02
7.5,50.02
8,50.04
8.5,50.06
9,50.05
9.5,50.08
10,50.1
10.5,50.1
11,50.08
11.5,50.08
12,50.07
12.5,50.07
13,50.04
13.5,50
14,50
14.5,49.98
15,49.96
15.5,49.96
16,49.96
16.5,49.96
17,49.95
17.5,49.95
18,49.94
18.5,49.95
19,49.99
19.5,50.02
20,50.02
20.5,50.04
21,50.04
21.5,50.04
22,50.05
22.5,50.06
23,50.06
23.5,50.06
24,50.06
24.5,50.08
25,50.07
25.5,50.07
26,50.07
26.5,50.06
27,50.04
27.5,50.04
28,50.03
28.5,49.99
29,49.99
29.5,50.01
30,50.04
30.5,50
31,50
31.5,49.97
32,49.95
32.5,49.97
33,49.98
33.5,49.98
34,49.98
34.5,49.99
35,49.98
35.5,49.99
36,49.98
36.5,49.99
37,50.02
37.5,50
38,50
38.5,50.01
39,50.03
39.5,50.04
40,50.03
40.5,50.06
41,50.06
41.5,50.06
42,50.06
42.5,50.04
43,50.04
43.5,50.02
44,50.01
44.5,50
45,49.98
45.5,49.97
46,49.94
46.5,49.96
47,49.95
47.5,49.95
48,49.94
48.5,49.94
49,49.95
49.5,49.97
50,49.98
50.5,49.98
51,49.97
51.5,49.95
52,49.96
52.5,49.97
53,49.98
53.5,49.98
54,49.99
54.5,50
55,50.04
55.5,50.05
56,50.04
56.5,50.02
57,50.05
57.5,50.04
58,50.04
58.5,50.02
59,50.01
59.5,49.99
60,50
60.5,49.99
61,49.99
61.5,49.99
62,49.97
62.5,49.96
63,49.94
63.5,49.95
64,49.95
64.5,49.95
65,49.95
65.5,49.95
66,49.97
66.5,49.96
67,49.95
67.5,49.93
68,49.94
68.5,49.94
69,49.95
69.5,49.95
70,49.96
70.5,49.97
71,49.95
71.5,49.94
72,49.94
72.5,49.94
73,49.97
73.5,49.97
74,49.98
74.5,49.98
75,49.96
75.5,49.99
76,50.02
76.5,50.01
77,50.01
77.5,50.01
78,50.01
78.5,50.01
79,50
79.5,50
80,49.98
80.5,49.98
81,49.99
81.5,50
82,50
82.5,50.01
83,50
83.5,49.98
84,49.99
84.5,50.01
85,50.02
85.5,50.02
86,50.01
86.5,50.01
87,50
87.5,49.99
88,49.99
88.5,50
89,50
89.5,50.01
90,50.03
90.5,50.04
91,50.06
91.5,50.04
92,50.05
92.5,50.04
93,50.03
93.5,50.04
94,50.01
94.5,50.01
95,49.98
95.5,50
96,50.01
96.5,50.02
97,50.01
97.5,50
98,49.99
98.5,49.99
99,49.99
99.5,49.98
100,49.96
100.5,49.96
101,49.97
101.5,49.95
102,49.93
102.5,49.94
103,49.94
103.5,49.93
104,49.96
104.5,49.95
105,49.96
105.5,49.97
106,49.96
106.5,49.97
107,49.98
107.5,49.99
108,50
108.5,49.97
109,49.98
109.5,49.95
110,49.97
110.5,49.97
111,49.98
111.5,49.96
112,49.94
112.5,49.92
113,49.94
113.5,49.94
114,49.94
114.5,49.94
115,49.98
115.5,49.97
116,49.98
116.5,49.99
117,50.02
117.5,50.01
118,50.01
118.5,50.03
119,50.04
119.5,50.02
120,50.05
120.5,50.06
121,50.04
121.5,50.05
122,50.05
122.5,50.05
123,50.03
123.5,50.02
124,50.03
124.5,50.01
125,49.99
125.5,49.98
126,49.98
126.5,49.98
127,49.97
127.5,49.98
128,49.97
128.5,49.96
129,49.95
129.5,49.96
130,49.98
130.5,49.97
131,49.97
131.5,49.96
132,49.98
132.5,49.99
133,50
133.5,49.97
134,49.98
134.5,49.99
135,49.99
135.5,49.99
136,49.99
136.5,49.99
137,49.99
137.5,49.99
138,50
138.5,50.01
139,50.01
139.5,50.03
140,50.01
140.5,50
141,49.99
141.5,50
142,49.99
142.5,49.97
143,49.93
143.5,49.94
144,49.95
144.5,49.94
145,49.94
145.5,49.94
146,49.97
146.5,49.97
147,49.97
147.5,49.95
148,49.98
148.5,50.02
149,50.01
149.5,50
150,50.01
150.5,50.02
151,50.02
151.5,50.02
152,50
152.5,50
153,50.01
153.5,50.01
154,49.99
154.5,49.98
155,49.99
155.5,50.02
156,50.01
156.5,50.01
157,50.02
157.5,50.02
158,50.02
158.5,50.02
159,50.03
159.5,50.04
160,50.05
160.5,50.05
161,50.05
161.5,50.04
162,50.06
162.5,50.06
163,50.05
163.5,50.06
164,50.08
164.5,50.05
165,50.06
165.5,50.05
166,50.04
166.5,50.02
167,50.02
167.5,50.01
168,49.98
168.5,49.99
169,50.01
169.5,49.99
170,50.02
170.5,50.01
171,50.03
171.5,50.03
172,50.02
172.5,50.04
173,50.04
173.5,50.04
174,50.04
174.5,50.05
175,50.03
175.5,50.01
176,49.99
176.5,49.98
177,49.98
177.5,50
178,50
178.5,50
179,49.99
179.5,49.99
180,49.98
180.5,50
181,50.01
181.5,50.03
182,50.05
182.5,50.03
183,50.04
183.5,50.04
184,50.04
184.5,50.02
185,50.01
185.5,50
186,49.99
186.5,49.98
187,49.96
187.5,49.99
188,50.01
188.5,49.99
189,49.98
189.5,49.98
190,50
190.5,49.99
191,49.98
191.5,49.98
192,49.99
192.5,49.99
193,49.96
193.5,49.99
194,49.99
194.5,50
195,50.01
195.5,50.02
196,50.03
196.5,50.01
197,50
197.5,50.03
198,50.02
198.5,50.01
199,50.02
199.5,50.01
200,50.02
200.5,50.04
201,50.05
201.5,50.05
202,50.03
202.5,50.01
203,50
203.5,50
204,50
204.5,50.01
205,50.01
205.5,50.03
206,50.04
206.5,50.03
207,50.02
207.5,50.03
208,50.05
208.5,50.03
209,50.05
209.5,50.05
210,50.06
210.5,50.08
211,50.06
211.5,50.05
212,50.02
212.5,50.01
213,50
213.5,50
214,49.99
214.5,49.99
215,49.98
215.5,49.97
216,49.97
216.5,49.98
217,50.01
217.5,50.02
218,50.02
218.5,50.02
219,50.03
219.5,50
220,49.97
220.5,49.97
221,49.97
221.5,49.98
222,49.97
222.5,49.98
223,49.97
223.5,49.99
224,49.98
224.5,49.99
225,49.99
225.5,50
226,50.02
226.5,50.02
227,50.02
227.5,50.01
228,50.01
228.5,50.03
229,50.03
229.5,50.02
230,50.02
230.5,50.04
231,50.05
231.5,50.04
232,50.04
232.5,50.05
233,50.09
233.5,50.06
234,50.06
234.5,50.07
235,50.05
235.5,50.03
236,50.05
236.5,50.04
237,50.04
237.5,50.05
238,50.05
238.5,50.06
239,50.06
239.5,50.06
240,50.05
240.5,50.05
241,50.09
241.5,50.08
242,50.06
242.5,50.04
243,50.07
243.5,50.06
244,50.03
244.5,50.01
245,50.01
245.5,50
246,49.98
246.5,49.98
247,49.99
247.5,49.98
248,49.97
248.5,49.97
249,49.97
249.5,50.01
250,50.02
250.5,50.02
251,50.02
251.5,50.02
252,50.03
252.5,50.05
253,50.05
253.5,50.05
254,50.04
254.5,50.04
255,50.03
255.5,50.03
256,50.05
256.5,50.04
257,50.03
257.5,50.03
258,50.03
258.5,50.04
259,50.04
259.5,50.04
260,50.02
260.5,50.03
261,50.02
261.5,50.01
262,50.03
262.5,50.03
263,50.02
263.5,50.01
264,50.05
264.5,50.04
265,50.02
265.5,50.02
266,50.04
266.5,50.05
267,50.04
267.5,50.02
268,50.02
268.5,50.04
269,50.04
269.5,50.04
270,50.06
270.5,50.07
271,50.08
271.5,50.07
272,50.08
272.5,50.1
273,50.11
273.5,50.11
274,50.1
274.5,50.11
275,50.1
275.5,50.1
276,50.08
276.5,50.05
277,50.04
277.5,50.04
278,50.01
278.5,50
279,49.99
279.5,49.99
280,49.96
280.5,49.96
281,49.96
281.5,49.94
282,49.96
282.5,50
283,50.01
283.5,49.99
284,49.97
284.5,49.98
285,49.98
285.5,49.99
286,49.99
286.5,49.99
287,50
287.5,50.02
288,50.02
288.5,50.06
289,50.04
289.5,50.04
290,50.06
290.5,50.06
291,50.07
291.5,50.06
292,50.04
292.5,50.02
293,50.02
293.5,50.02
294,50.03
294.5,50.03
295,50.03
295.5,50.03
296,50.02
296.5,50.04
297,50.02
297.5,50.04
298,50.05
298.5,50.06
299,50.07
299.5,50.05
300,50.07
300.5,50.09
301,50.09
301.5,50.08
302,50.08
302.5,50.09
303,50.08
303.5,50.06
304,50.04
304.5,50.03
305,50.03
305.5,50.04
306,50.04
306.5,50.01
307,49.98
307.5,49.97
308,49.96
308.5,49.95
309,49.95
309.5,49.93
310,49.94
310.5,49.97
311,49.99
311.5,49.98
312,49.95
312.5,49.95
313,49.95
313.5,49.98
314,50
314.5,50.01
315,50.01
315.5,50.01
316,50.01
316.5,50.01
317,50
317.5,50.01
318,50.01
318.5,50
319,50
319.5,49.99
320,50.01
320.5,50
321,50.01
321.5,50.03
322,50.04
322.5,50.04
323,50.03
323.5,50.04
324,50.05
324.5,50.04
325,50.03
325.5,50.01
326,50.01
326.5,50.02
327,50.03
327.5,50.04
328,50.04
328.5,50.03
329,50.03
329.5,50.05
330,50.07
330.5,50.08
331,50.1
331.5,50.1
332,50.09
332.5,50.07
333,50.04
333.5,50.02
334,50.01
334.5,50.01
335,50
335.5,50
336,49.98
336.5,49.97
337,49.98
337.5,49.98
338,50.01
338.5,50.02
339,50.03
339.5,50.02
340,50.03
340.5,50.03
341,50.03
341.5,50.03
342,50.01
342.5,49.99
343,50
343.5,50.05
344,50.07
344.5,50.08
345,50.07
345.5,50.07
346,50.1
346.5,50.09
347,50.08
347.5,50.07
348,50.06
348.5,50.05
349,50.03
349.5,50.05
350,50.05
350.5,50.05
351,50.04
351.5,50.03
352,50.03
352.5,50.02
353,49.99
353.5,49.99
354,49.99
354.5,50.01
355,50.01
355.5,50.03
356,50.07
356.5,50.08
357,50.07
357.5,50.07
358,50.07
358.5,50.08
359,50.11
359.5,50.14
360,50.17
360.5,50.21
361,50.23
361.5,50.24
362,50.24
362.5,50.24
363,50.22
363.5,50.21
364,50.2
364.5,50.21
365,50.18
365.5,50.16
366,50.15
366.5,50.12
367,50.11
367.5,50.09
368,50.06
368.5,50.03
369,50.02
369.5,50.01
370,49.99
370.5,49.97
371,49.95
371.5,49.94
372,49.94
372.5,49.91
373,49.91
373.5,49.94
374,50
374.5,50.04
375,50.05
375.5,50.08
376,50.1
376.5,50.1
377,50.12
377.5,50.13
378,50.13
378.5,50.11
379,50.11
379.5,50.1
380,50.09
380.5,50.08
381,50.08
381.5,50.09
382,50.07
382.5,50.07
383,50.07
383.5,50.06
384,50.06
384.5,50.05
385,50.03
385.5,50.01
386,50
386.5,49.99
387,49.99
387.5,49.99
388,49.98
388.5,49.98
389,49.99
389.5,50.04
390,50.05
390.5,50.07
391,50.06
391.5,50.07
392,50.09
392.5,50.07
393,50.07
393.5,50.07
394,50.07
394.5,50.07
395,50.06
395.5,50.04
396,50.03
396.5,50.02
397,50.02
397.5,50.03
398,50.03
398.5,50.03
399,50.01
399.5,50.02
400,50.03
400.5,50.04
401,50.03
401.5,50.04
402,50.01
402.5,50
403,49.99
403.5,49.97
404,49.98
404.5,50
405,50.01
405.5,50.02
406,50.04
406.5,50.04
407,50.05
407.5,50.06
408,50.06
408.5,50.05
409,50.05
409.5,50.06
410,50.06
410.5,50.06
411,50.06
411.5,50.06
412,50.05
412.5,50.03
413,50.02
413.5,50.01
414,50.01
414.5,50
415,49.99
415.5,49.98
416,49.98
416.5,49.98
417,49.96
417.5,49.96
418,49.96
418.5,49.95
419,49.98
419.5,49.99
420,49.99
420.5,50.01
421,50.02
421.5,50.02
422,50.04
422.5,50.05
423,50.05
423.5,50.04
424,50.04
424.5,50.04
425,50.06
425.5,50.06
426,50.06
426.5,50.05
427,50.07
427.5,50.09
428,50.08
428.5,50.07
429,50.05
429.5,50.04
430,50.04
430.5,50.04
431,50.04
431.5,50.04
432,50.03
432.5,50
433,50
433.5,50.01
434,50.02
434.5,50.01
435,49.99
435.5,49.97
436,49.97
436.5,49.97
437,49.98
437.5,49.99
438,49.98
438.5,49.97
439,49.97
439.5,49.98
440,49.98
440.5,49.98
441,49.97
441.5,49.97
442,49.97
442.5,49.97
443,49.97
443.5,50
444,50.01
444.5,50.02
445,50.01
445.5,50.01
446,50.01
446.5,50.02
447,50.03
447.5,50.04
448,50.04
448.5,50.05
449,50.04
449.5,50.05
450,50.05
450.5,50.05
451,50.06
451.5,50.09
452,50.08
452.5,50.08
453,50.06
453.5,50.06
454,50.07
454.5,50.07
455,50.05
455.5,50.06
456,50.06
456.5,50.06
457,50.06
457.5,50.04
458,50.03
458.5,50.03
459,50.02
459.5,50.01
460,49.99
460.5,49.99
461,49.98
461.5,49.98
462,49.97
462.5,49.96
463,49.94
463.5,49.92
464,49.91
464.5,49.92
465,49.93
465.5,49.92
466,49.89
466.5,49.87
467,49.86
467.5,49.85
468,49.85
468.5,49.85
469,49.85
469.5,49.86
470,49.87
470.5,49.87
471,49.89
471.5,49.89
472,49.9
472.5,49.91
473,49.93
473.5,49.94
474,49.95
474.5,49.96
475,49.98
475.5,49.99
476,50
476.5,50.01
477,50.02
477.5,50.03
478,50.04
478.5,50.06
479,50.04
479.5,50.05
480,50.08
480.5,50.08
481,50.08
481.5,50.06
482,50.03
482.5,50.02
483,50.02
483.5,50.01
484,50
484.5,49.99
485,49.99
485.5,49.98
486,49.97
486.5,49.95
487,49.94
487.5,49.93
488,49.94
488.5,49.95
489,49.96
489.5,49.95
490,49.95
490.5,49.95
491,49.96
491.5,49.97
492,49.97
492.5,49.98
493,50
493.5,50.01
494,50.02
494.5,50.03
495,50.04
495.5,50.01
496,49.98
496.5,49.96
497,49.95
497.5,49.96
498,49.96
498.5,49.95
499,49.93
499.5,49.94
500,49.94
500.5,49.95
501,49.96
501.5,49.97
502,49.98
502.5,49.99
503,49.98
503.5,49.97
504,49.98
504.5,50
505,50.01
505.5,50.02
506,50.03
506.5,50.02
507,50
507.5,49.99
508,50
508.5,50.02
509,50.01
509.5,50
510,50
510.5,49.98
511,49.96
511.5,49.95
512,49.94
512.5,49.94
513,49.96
513.5,49.98
514,49.98
514.5,49.97
515,49.96
515.5,49.94
516,49.94
516.5,49.93
517,49.91
517.5,49.89
518,49.92
518.5,49.96
519,49.98
519.5,50.01
520,50.02
520.5,50.03
521,50.04
521.5,50.05
522,50.04
522.5,50.03
523,50.04
523.5,50.06
524,50.06
524.5,50.05
525,50.04
525.5,50.02
526,50.02
526.5,50.01
527,50
527.5,49.99
528,49.99
528.5,49.99
529,50
529.5,49.99
530,49.99
530.5,50
531,50.02
531.5,50.01
532,50
532.5,50
533,50.01
533.5,50.03
534,50.04
534.5,50.03
535,50.04
535.5,50.06
536,50.08
536.5,50.09
537,50.09
537.5,50.09
538,50.09
538.5,50.1
539,50.1
539.5,50.1
540,50.09
540.5,50.09
541,50.1
541.5,50.1
542,50.09
542.5,50.07
543,50.05
543.5,50.03
544,50.01
544.5,49.98
545,49.97
545.5,49.97
546,49.96
546.5,49.95
547,49.94
547.5,49.93
548,49.92
548.5,49.92
549,49.93
549.5,49.91
550,49.92
550.5,49.94
551,49.94
551.5,49.93
552,49.93
552.5,49.93
553,49.93
553.5,49.92
554,49.92
554.5,49.94
555,49.96
555.5,49.97
556,49.98
556.5,49.98
557,49.96
557.5,49.95
558,49.96
558.5,49.98
559,49.99
559.5,49.99
560,50
560.5,50.02
561,50.02
561.5,50
562,50
562.5,49.99
563,49.98
563.5,49.97
564,49.96
564.5,49.95
565,49.94
565.5,49.95
566,49.95
566.5,49.94
567,49.93
567.5,49.92
568,49.93
568.5,49.94
569,49.96
569.5,49.97
570,49.97
570.5,49.99
571,50.01
571.5,50.02
572,50.01
572.5,50.01
573,50
573.5,49.99
574,49.99
574.5,49.99
575,50
575.5,50
576,50.01
576.5,50.01
577,50
577.5,49.99
578,50.01
578.5,50.02
579,50.03
579.5,50.05
580,50.06
580.5,50.06
581,50.06
581.5,50.07
582,50.07
582.5,50.06
583,50.06
583.5,50.05
584,50.06
584.5,50.07
585,50.05
585.5,50.03
586,50.01
586.5,50
587,49.98
587.5,49.97
588,49.95
588.5,49.94
589,49.93
589.5,49.91
590,49.92
590.5,49.94
591,49.96
591.5,49.97
592,49.98
592.5,49.99
593,50
593.5,50
594,50.01
594.5,50.02
595,50.04
595.5,50.05
596,50.06
596.5,50.07
597,50.08
597.5,50.08
598,50.08
598.5,50.07
599,50.08
599.5,50.1
600,50.1
600.5,50.11
601,50.11
601.5,50.1
602,50.09
602.5,50.07
603,50.08
603.5,50.07
604,50.05
604.5,50.04
605,50.04
605.5,50.04
606,50.03
606.5,50.01
607,50
607.5,50
608,50
608.5,49.99
609,49.99
609.5,50
610,50
610.5,49.99
611,50
611.5,50.01
612,50.01
612.5,50.01
613,49.98
613.5,49.97
614,49.97
614.5,49.98
615,49.99
615.5,49.99
616,49.98
616.5,49.97
617,49.97
617.5,49.98
618,49.98
618.5,49.97
619,49.96
619.5,49.98
620,49.99
620.5,49.99
621,50.01
621.5,50.02
622,50.02
622.5,50
623,49.99
623.5,50
624,50.01
624.5,50.02
625,50.02
625.5,50.03
626,50.04
626.5,50.04
627,50.05
627.5,50.06
628,50.07
628.5,50.08
629,50.09
629.5,50.09
630,50.1
630.5,50.08
631,50.04
631.5,50.02
632,50.02
632.5,50.01
633,49.99
633.5,49.97
634,49.96
634.5,49.96
635,49.95
635.5,49.96
636,49.97
636.5,49.96
637,49.96
637.5,49.99
638,50.03
638.5,50.02
639,50.01
639.5,50.03
640,50.04
640.5,50.03
641,50.04
641.5,50.04
642,50.03
642.5,50.05
643,50.06
643.5,50.06
644,50.06
644.5,50.05
645,50.04
645.5,50.04
646,50.04
646.5,50.03
647,50.01
647.5,49.99
648,50
648.5,50.01
649,50.02
649.5,50.02
650,50.01
650.5,49.99
651,49.99
651.5,49.98
652,49.96
652.5,49.96
653,49.96
653.5,49.93
654,49.93
654.5,49.95
655,49.97
655.5,49.99
656,50.02
656.5,50.03
657,50.04
657.5,50.05
658,50.06
658.5,50.06
659,50.07
659.5,50.08
660,50.08
660.5,50.08
661,50.08
661.5,50.07
662,50.07
662.5,50.07
663,50.07
663.5,50.07
664,50.06
664.5,50.07
665,50.06
665.5,50.05
666,50.04
666.5,50.03
667,50.01
667.5,50.01
668,50.01
668.5,49.98
669,49.96
669.5,49.95
670,49.95
670.5,49.96
671,49.98
671.5,49.99
672,50
672.5,50.02
673,50.04
673.5,50.05
674,50.05
674.5,50.05
675,50.04
675.5,50.04
676,50.03
676.5,50.02
677,50.01
677.5,50
678,50.01
678.5,50.01
679,50.01
679.5,50.02
680,50.01
680.5,50
681,50
681.5,50
682,50
682.5,49.99
683,50
683.5,50.01
684,50.01
684.5,50
685,50
685.5,50.01
686,50.04
686.5,50.05
687,50.04
687.5,50.02
688,50.03
688.5,50.05
689,50.05
689.5,50.03
690,50.02
690.5,50.04
691,50.05
691.5,50.04
692,50.05
692.5,50.07
693,50.08
693.5,50.08
694,50.07
694.5,50.07
695,50.07
695.5,50.06
696,50.05
696.5,50.05
697,50.04
697.5,50.02
698,50.02
698.5,50.04
699,50.06
699.5,50.06
700,50.07
700.5,50.06
701,50.06
701.5,50.05
702,50.04
702.5,50.03
703,50.02
703.5,50.01
704,50
704.5,50
705,50
705.5,49.99
706,49.98
706.5,49.98
707,49.99
707.5,50
708,50.03
708.5,50.05
709,50.06
709.5,50.07
710,50.06
710.5,50.07
711,50.06
711.5,50.06
712,50.04
712.5,50.02
713,50.02
713.5,50.02
714,50.02
714.5,50.04
715,50.05
715.5,50.05
716,50.06
716.5,50.08
717,50.09
717.5,50.11
718,50.12
718.5,50.12
719,50.14
719.5,50.16
720,50.16
720.5,50.16
721,50.15
721.5,50.16
722,50.17
722.5,50.16
723,50.14
723.5,50.12
724,50.11
724.5,50.09
725,50.06
725.5,50.06
726,50.03
726.5,50.02
727,50.01
727.5,50
728,50
728.5,50
729,50
729.5,49.98
730,49.96
730.5,49.96
731,49.98
731.5,49.98
732,49.99
732.5,49.99
733,49.99
733.5,49.98
734,49.98
734.5,49.99
735,50
735.5,50
736,50.01
736.5,50.03
737,50.03
737.5,50.03
738,50.03
738.5,50.02
739,50.03
739.5,50.03
740,50.02
740.5,50.01
741,50.01
741.5,50.01
742,50.01
742.5,50
743,49.99
743.5,50
744,50
744.5,49.99
745,50
745.5,50.02
746,50.03
746.5,50.05
747,50.06
747.5,50.08
748,50.08
748.5,50.08
749,50.1
749.5,50.1
750,50.09
750.5,50.09
751,50.1
751.5,50.11
752,50.11
752.5,50.1
753,50.08
753.5,50.07
754,50.06
754.5,50.06
755,50.06
755.5,50.06
756,50.05
756.5,50.04
757,50.03
757.5,50.03
758,50.04
758.5,50.03
759,50.02
759.5,50.02
760,50.03
760.5,50.04
761,50.04
761.5,50.04
762,50.05
762.5,50.05
763,50.04
763.5,50.03
764,50.03
764.5,50.02
765,50.02
765.5,50.01
766,50
766.5,50
767,50
767.5,49.99
768,50
768.5,50.03
769,50.04
769.5,50.02
770,50.02
770.5,50.02
771,50.02
771.5,50
772,49.99
772.5,49.99
773,50.01
773.5,50.01
774,49.99
774.5,49.97
775,49.96
775.5,49.97
776,49.99
776.5,50.02
777,50.04
777.5,50.05
778,50.05
778.5,50.05
779,50.07
779.5,50.09
780,50.11
780.5,50.12
781,50.14
781.5,50.15
782,50.17
782.5,50.18
783,50.17
783.5,50.16
784,50.14
784.5,50.13
785,50.11
785.5,50.09
786,50.08
786.5,50.08
787,50.08
787.5,50.07
788,50.06
788.5,50.04
789,50.03
789.5,50.04
790,50.04
790.5,50.03
791,50.02
791.5,50.03
792,50.04
792.5,50.04
793,50.03
793.5,50.02
794,50.04
794.5,50.04
795,50.04
795.5,50.04
796,50.04
796.5,50.03
797,50.02
797.5,50.04
798,50.05
798.5,50.06
799,50.06
799.5,50.05
800,50.05
800.5,50.04
801,50.02
801.5,50.02
802,50.02
802.5,50.01
803,50.01
803.5,50.01
804,50
804.5,50
805,50
805.5,49.99
806,50
806.5,50
807,50
807.5,50.02
808,50.02
808.5,50.02
809,50.01
809.5,50.01
810,50
810.5,50
811,50
811.5,49.99
812,49.97
812.5,49.97
813,49.98
813.5,50
814,50
814.5,49.99
815,49.96
815.5,49.94
816,49.94
816.5,49.94
817,49.93
817.5,49.92
818,49.93
818.5,49.94
819,49.94
819.5,49.93
820,49.94
820.5,49.95
821,49.96
821.5,49.98
822,49.97
822.5,49.96
823,49.95
823.5,49.97
824,49.97
824.5,49.95
825,49.95
825.5,49.96
826,49.95
826.5,49.95
827,49.96
827.5,49.96
828,49.96
828.5,49.95
829,49.93
829.5,49.94
830,49.94
830.5,49.92
831,49.93
831.5,49.96
832,49.98
832.5,49.99
833,50.02
833.5,50.01
834,50.02
834.5,50.01
835,50.01
835.5,50.02
836,50.02
836.5,50.02
837,50.02
837.5,50.02
838,50.02
838.5,50.03
839,50.04
839.5,50.05
840,50.05
840.5,50.06
841,50.08
841.5,50.1
842,50.09
842.5,50.08
843,50.06
843.5,50.06
844,50.06
844.5,50.05
845,50.05
845.5,50.05
846,50.05
846.5,50.04
847,50.01
847.5,50.01
848,50
848.5,50
849,49.98
849.5,49.96
850,49.93
850.5,49.9
851,49.9
851.5,49.9
852,49.89
852.5,49.89
853,49.88
853.5,49.89
854,49.92
854.5,49.94
855,49.95
855.5,49.95
856,49.95
856.5,49.94
857,49.93
857.5,49.91
858,49.89
858.5,49.89
859,49.89
859.5,49.87
860,49.89
860.5,49.91
861,49.91
861.5,49.93
862,49.95
862.5,49.94
863,49.91
863.5,49.91
864,49.91
864.5,49.92
865,49.92
865.5,49.93
866,49.94
866.5,49.96
867,49.96
867.5,49.98
868,49.99
868.5,50.01
869,50
869.5,50
870,50
870.5,49.98
871,49.97
871.5,49.97
872,49.99
872.5,49.98
873,49.97
873.5,49.96
874,49.97
874.5,49.97
875,49.96
875.5,49.97
876,49.97
876.5,49.94
877,49.93
877.5,49.94
878,49.96
878.5,49.96
879,49.94
879.5,49.93
880,49.92
880.5,49.91
881,49.91
881.5,49.92
882,49.92
882.5,49.9
883,49.89
883.5,49.89
884,49.9
884.5,49.92
885,49.93
885.5,49.94
886,49.92
886.5,49.9
887,49.89
887.5,49.9
888,49.91
888.5,49.94
889,49.95
889.5,49.95
890,49.95
890.5,49.95
891,49.94
891.5,49.94
892,49.96
892.5,49.99
893,50
893.5,50.01
894,50
894.5,50
895,50.02
895.5,50.03
896,50.04
896.5,50.04
897,50.05
897.5,50.06
898,50.08
898.5,50.1
899,50.12
899.5,50.11
900,50.11
900.5,50.11
901,50.11
901.5,50.12
902,50.11
902.5,50.1
903,50.12
903.5,50.12
904,50.1
904.5,50.09
905,50.08
905.5,50.07
906,50.04
906.5,50.03
907,50.04
907.5,50.02
908,50.01
908.5,50
909,49.98
909.5,49.96
910,49.96
910.5,49.98
911,49.98
911.5,49.98
912,49.97
912.5,49.97
913,49.95
913.5,49.97
914,49.96
914.5,49.94
915,49.91
915.5,49.91
916,49.9
916.5,49.9
917,49.92
917.5,49.93
918,49.92
918.5,49.93
919,49.94
919.5,49.95
920,49.95
920.5,49.93
921,49.94
921.5,49.94
922,49.94
922.5,49.92
923,49.94
923.5,49.95
924,49.96
924.5,49.94
925,49.94
925.5,49.93
926,49.93
926.5,49.92
927,49.94
927.5,49.95
928,49.95
928.5,49.94
929,49.94
929.5,49.95
930,49.96
930.5,49.97
931,49.99
931.5,50
932,50
932.5,50
933,49.99
933.5,49.99
934,50.03
934.5,50.03
935,50.04
935.5,50.05
936,50.06
936.5,50.07
937,50.07
937.5,50.06
938,50.07
938.5,50.05
939,50.04
939.5,50.03
940,50.02
940.5,50
941,50.02
941.5,50.02
942,50.02
942.5,49.99
943,49.99
943.5,50
944,50.01
944.5,50
945,49.98
945.5,49.99
946,50.02
946.5,50.03
947,50.02
947.5,50.02
948,50.03
948.5,50.02
949,50
949.5,50.01
950,50
950.5,50.02
951,50.04
951.5,50.04
952,50.04
952.5,50.05
953,50.05
953.5,50.04
954,50.01
954.5,50
955,50
955.5,49.97
956,49.96
956.5,49.97
957,49.97
957.5,50.01
958,50.02
958.5,50.03
959,50.03
959.5,50.06
960,50.08
960.5,50.1
961,50.11
961.5,50.13
962,50.12
962.5,50.13
963,50.11
963.5,50.11
964,50.12
964.5,50.11
965,50.09
965.5,50.05
966,50.04
966.5,50.05
967,50.04
967.5,50.06
968,50.05
968.5,50.05
969,50.05
969.5,50.03
970,50.03
970.5,50.02
971,50.03
971.5,50.02
972,50.02
972.5,50.01
973,49.99
973.5,49.99
974,49.98
974.5,49.96
975,49.96
975.5,49.98
976,50
976.5,50
977,50.03
977.5,50.05
978,50.07
978.5,50.07
979,50.08
979.5,50.07
980,50.07
980.5,50.07
981,50.06
981.5,50.07
982,50.06
982.5,50.05
983,50.05
983.5,50.02
984,49.99
984.5,49.99
985,49.99
985.5,49.97
986,49.95
986.5,49.95
987,49.95
987.5,49.94
988,49.93
988.5,49.93
989,49.95
989.5,49.98
990,50.02
990.5,50.03
991,50.02
991.5,50.02
992,50.02
992.5,50.04
993,50.05
993.5,50.02
994,50.01
994.5,50.01
995,50.01
995.5,49.99
996,50
996.5,49.99
997,49.98
997.5,49.96
998,49.97
998.5,49.97
999,49.96
999.5,49.94
1000,49.93
1000.5,49.92
1001,49.91
1001.5,49.9
1002,49.92
1002.5,49.91
1003,49.89
1003.5,49.88
1004,49.88
1004.5,49.89
1005,49.89
1005.5,49.93
1006,49.96
1006.5,50
1007,50
1007.5,50
1008,50
1008.5,50.01
1009,50.01
1009.5,50.02
1010,50.02
1010.5,50
1011,50.02
1011.5,50.05
1012,50.05
1012.5,50.03
1013,49.99
1013.5,49.98
1014,49.99
1014.5,49.99
1015,49.98
1015.5,49.98
1016,49.99
1016.5,50
1017,50.01
1017.5,49.99
1018,49.98
1018.5,49.98
1019,50.01
1019.5,50.02
1020,50.04
1020.5,50.09
1021,50.11
1021.5,50.11
1022,50.12
1022.5,50.12
1023,50.13
1023.5,50.13
1024,50.15
1024.5,50.13
1025,50.12
1025.5,50.11
1026,50.09
1026.5,50.07
1027,50.06
1027.5,50.02
1028,50.03
1028.5,50.02
1029,50.03
1029.5,50.03
1030,50.03
1030.5,50.03
1031,50
1031.5,49.96
1032,49.98
1032.5,49.97
1033,49.97
1033.5,49.97
1034,49.97
1034.5,49.99
1035,50.03
1035.5,50.05
1036,50.06
1036.5,50.07
1037,50.06
1037.5,50.05
1038,50.02
1038.5,50.03
1039,50.02
1039.5,50.02
1040,50.02
1040.5,50.01
1041,50
1041.5,50.03
1042,50.03
1042.5,50.02
1043,50.02
1043.5,50.02
1044,50.03
1044.5,50.03
1045,50
1045.5,50
1046,50.01
1046.5,50.01
1047,50
1047.5,50
1048,50.01
1048.5,50.01
1049,50.03
1049.5,50.04
1050,50.04
1050.5,50.05
1051,50.09
1051.5,50.1
1052,50.09
1052.5,50.08
1053,50.07
1053.5,50.06
1054,50.04
1054.5,50.03
1055,50.03
1055.5,50.01
1056,49.99
1056.5,49.97
1057,49.96
1057.5,49.98
1058,49.96
1058.5,49.92
1059,49.92
1059.5,49.91
1060,49.91
1060.5,49.93
1061,49.94
1061.5,49.92
1062,49.93
1062.5,49.95
1063,49.96
1063.5,49.96
1064,49.97
1064.5,49.95
1065,49.96
1065.5,50.02
1066,50.02
1066.5,50.02
1067,50.02
1067.5,50.02
1068,50.02
1068.5,50.01
1069,49.99
1069.5,49.98
1070,49.98
1070.5,49.97
1071,49.97
1071.5,49.96
1072,49.94
1072.5,49.94
1073,49.93
1073.5,49.93
1074,49.9
1074.5,49.89
1075,49.88
1075.5,49.9
1076,49.91
1076.5,49.93
1077,49.91
1077.5,49.92
1078,49.96
1078.5,50.01
1079,50.02
1079.5,50.03
1080,50.06
1080.5,50.07
1081,50.07
1081.5,50.08
1082,50.09
1082.5,50.11
1083,50.11
1083.5,50.09
1084,50.06
1084.5,50.04
1085,50.01
1085.5,50.02
1086,50.03
1086.5,50.02
1087,50.03
1087.5,50.03
1088,50.04
1088.5,50.03
1089,50.01
1089.5,50.01
1090,50
1090.5,49.99
1091,49.99
1091.5,50.01
1092,50
1092.5,49.98
1093,49.99
1093.5,49.99
1094,49.98
1094.5,50.02
1095,50.03
1095.5,50.02
1096,50.01
1096.5,50.03
1097,50.04
1097.5,50.05
1098,50.04
1098.5,50.05
1099,50.03
1099.5,50.05
1100,50.05
1100.5,50.05
1101,50.03
1101.5,50.01
1102,50.02
1102.5,50.04
1103,50.05
1103.5,50.07
1104,50.07
1104.5,50.06
1105,50.08
1105.5,50.06
1106,50.07
1106.5,50.07
1107,50.04
1107.5,50.02
1108,50.01
1108.5,49.99
1109,50.02
1109.5,50.04
1110,50.03
1110.5,50.01
1111,50.01
1111.5,50
1112,50.02
1112.5,50.02
1113,50.04
1113.5,50.05
1114,50.05
1114.5,50.06
1115,50.05
1115.5,50.04
1116,50.04
1116.5,50.03
1117,50.04
1117.5,50.03
1118,50.04
1118.5,50.04
1119,50.05
1119.5,50.03
1120,50.05
1120.5,50.06
1121,50.08
1121.5,50.06
1122,50.04
1122.5,50.05
1123,50.06
1123.5,50.07
1124,50.08
1124.5,50.08
1125,50.1
1125.5,50.13
1126,50.11
1126.5,50.11
1127,50.1
1127.5,50.07
1128,50.06
1128.5,50.06
1129,50.05
1129.5,50.06
1130,50.04
1130.5,50.04
1131,50.03
1131.5,50.03
1132,50.03
1132.5,50.02
1133,50.01
1133.5,50.03
1134,50.04
1134.5,50.04
1135,50.03
1135.5,49.98
1136,50.01
1136.5,50.02
1137,50.01
1137.5,50.04
1138,50.02
1138.5,50.03
1139,50.04
1139.5,50.06
1140,50.03
1140.5,50.04
1141,50.02
1141.5,50.04
1142,50.02
1142.5,50.02
1143,50.01
1143.5,49.99
1144,50.02
1144.5,50.01
1145,50.01
1145.5,50
1146,50
1146.5,49.99
1147,49.98
1147.5,49.99
1148,50.01
1148.5,50.02
1149,50.04
1149.5,50.04
1150,50.02
1150.5,50.03
1151,50.06
1151.5,50.06
1152,50.03
1152.5,50.03
1153,50.02
1153.5,50.03
1154,50.02
1154.5,50.02
1155,50.02
1155.5,49.98
1156,49.96
1156.5,49.96
1157,49.95
1157.5,49.92
1158,49.93
1158.5,49.92
1159,49.94
1159.5,49.94
1160,49.94
1160.5,49.95
1161,49.94
1161.5,49.97
1162,49.96
1162.5,49.94
1163,49.94
1163.5,49.96
1164,49.99
1164.5,50.01
1165,50.02
1165.5,50.03
1166,50.04
1166.5,50.05
1167,50.05
1167.5,50.06
1168,50.05
1168.5,50.05
1169,50.06
1169.5,50.04
1170,50.01
1170.5,49.97
1171,49.95
1171.5,49.96
1172,49.93
1172.5,49.92
1173,49.92
1173.5,49.92
1174,49.92
1174.5,49.91
1175,49.91
1175.5,49.92
1176,49.96
1176.5,50.01
1177,50.03
1177.5,50.02
1178,50
1178.5,50
1179,50.01
1179.5,50.02
1180,50.06
1180.5,50.03
1181,50.06
1181.5,50.06
1182,50.06
1182.5,50.07
1183,50.07
1183.5,50.07
1184,50.07
1184.5,50.04
1185,50.05
1185.5,50.04
1186,50.02
1186.5,49.99
1187,49.97
1187.5,49.96
1188,49.94
1188.5,49.93
1189,49.93
1189.5,49.93
1190,49.94
1190.5,49.92
1191,49.95
1191.5,50
1192,50.01
1192.5,50.01
1193,50.03
1193.5,50.05
1194,50.06
1194.5,50.05
1195,50.08
1195.5,50.08
1196,50.08
1196.5,50.08
1197,50.07
1197.5,50.08
1198,50.07
1198.5,50.05
1199,50.06
1199.5,50.05
1200,50.06
1200.5,50.04
1201,50.04
1201.5,50.02
1202,50.03
1202.5,50.01
1203,49.99
1203.5,49.98
1204,49.97
1204.5,49.98
1205,49.98
1205.5,50.01
1206,50.01
1206.5,50.01
1207,50.03
1207.5,50.05
1208,50.06
1208.5,50.07
1209,50.08
1209.5,50.07
1210,50.08
1210.5,50.06
1211,50.05
1211.5,50.05
1212,50.05
1212.5,50.06
1213,50.07
1213.5,50.05
1214,50.04
1214.5,50.04
1215,50.05
1215.5,50.05
1216,50.03
1216.5,49.99
1217,49.98
1217.5,50
1218,50
1218.5,50.01
1219,50.01
1219.5,50.02
1220,50.03
1220.5,50.03
1221,50.01
1221.5,49.99
1222,49.99
1222.5,50.01
1223,50.02
1223.5,50.04
1224,50.03
1224.5,50.03
1225,50.05
1225.5,50.05
1226,50.06
1226.5,50.04
1227,50.04
1227.5,50.05
1228,50.05
1228.5,50.04
1229,50.03
1229.5,50.03
1230,50.03
1230.5,50.05
1231,50.05
1231.5,50.05
1232,50.05
1232.5,50.05
1233,50.05
1233.5,50.03
1234,50.02
1234.5,50.02
1235,49.98
1235.5,49.97
1236,49.99
1236.5,50.02
1237,50.04
1237.5,50.04
1238,50.05
1238.5,50.05
1239,50
1239.5,49.99
1240,50
1240.5,50
1241,50.01
1241.5,50.01
1242,50.03
1242.5,50
1243,50
1243.5,49.97
1244,49.96
1244.5,50
1245,49.98
1245.5,49.98
1246,49.96
1246.5,49.95
1247,49.93
1247.5,49.95
1248,49.94
1248.5,49.94
1249,49.94
1249.5,49.94
1250,49.94
1250.5,49.92
1251,49.93
1251.5,49.98
1252,50.02
1252.5,50.02
1253,50.02
1253.5,50
1254,50.01
1254.5,50.02
1255,50.04
1255.5,50.04
1256,50.04
1256.5,50.03
1257,50.02
1257.5,50
1258,50.01
1258.5,50.02
1259,50.02
1259.5,49.99
1260,49.99
1260.5,49.98
1261,49.97
1261.5,49.97
1262,49.96
1262.5,49.94
1263,49.97
1263.5,49.99
1264,49.97
1264.5,49.95
1265,49.94
1265.5,49.95
1266,49.97
1266.5,49.96
1267,49.99
1267.5,50.01
1268,50.01
1268.5,50.01
1269,50.03
1269.5,50.05
1270,50.04
1270.5,50.02
1271,50.02
1271.5,50.03
1272,50.03
1272.5,50.05
1273,50.05
1273.5,50.07
1274,50.09
1274.5,50.07
1275,50.07
1275.5,50.09
1276,50.09
1276.5,50.05
1277,50.06
1277.5,50.06
1278,50.07
1278.5,50.07
1279,50.07
1279.5,50.07
1280,50.03
1280.5,50.02
1281,50.01
1281.5,50.01
1282,50.01
1282.5,50.02
1283,50.02
1283.5,50
1284,50.02
1284.5,50.03
1285,50.04
1285.5,50.03
1286,50.05
1286.5,50.06
1287,50.08
1287.5,50.1
1288,50.09
1288.5,50.08
1289,50.08
1289.5,50.07
1290,50.07
1290.5,50.07
1291,50.09
1291.5,50.09
1292,50.1
1292.5,50.08
1293,50.08
1293.5,50.08
1294,50.06
1294.5,50.05
1295,50.03
1295.5,50.06
1296,50.06
1296.5,50.05
1297,50.06
1297.5,50.06
1298,50.05
1298.5,50.07
1299,50.06
1299.5,50.07
1300,50.09
1300.5,50.09
1301,50.09
1301.5,50.09
1302,50.09
1302.5,50.11
1303,50.1
1303.5,50.09
1304,50.07
1304.5,50.08
1305,50.08
1305.5,50.06
1306,50.05
1306.5,50.03
1307,50.03
1307.5,50.03
1308,50.04
1308.5,50.05
1309,50.05
1309.5,50.05
1310,50.04
1310.5,50.04
1311,50.03
1311.5,50.03
1312,50.02
1312.5,50.02
1313,50.03
1313.5,50.01
1314,50.02
1314.5,50.02
1315,50.02
1315.5,50.01
1316,50.02
1316.5,50.04
1317,50.05
1317.5,50.05
1318,50.06
1318.5,50.07
1319,50.09
1319.5,50.09
1320,50.09
1320.5,50.09
1321,50.08
1321.5,50.11
1322,50.09
1322.5,50.07
1323,50.04
1323.5,50.02
1324,50.02
1324.5,50
1325,49.98
1325.5,49.97
1326,49.97
1326.5,49.96
1327,49.94
1327.5,49.93
1328,49.95
1328.5,49.95
1329,49.97
1329.5,49.96
1330,49.95
1330.5,49.96
1331,49.97
1331.5,49.97
1332,49.97
1332.5,49.98
1333,49.97
1333.5,49.97
1334,49.97
1334.5,49.98
1335,49.99
1335.5,50.01
1336,50.03
1336.5,50.03
1337,50.03
1337.5,50.03
1338,50.02
1338.5,50.01
1339,50.01
1339.5,50.01
1340,50.02
1340.5,50.02
1341,50.03
1341.5,50.03
1342,50.05
1342.5,50.06
1343,50.05
1343.5,50.05
1344,50.05
1344.5,50.06
1345,50.06
1345.5,50.05
1346,50.03
1346.5,50.05
1347,50.06
1347.5,50.05
1348,50.03
1348.5,50.02
1349,50.04
1349.5,50.04
1350,50.04
1350.5,50.02
1351,50.03
1351.5,50.05
1352,50.07
1352.5,50.08
1353,50.1
1353.5,50.11
1354,50.11
1354.5,50.1
1355,50.1
1355.5,50.08
1356,50.07
1356.5,50.06
1357,50.07
1357.5,50.05
1358,50.05
1358.5,50.07
1359,50.08
1359.5,50.07
1360,50.05
1360.5,50.04
1361,50.03
1361.5,50.02
1362,50.01
1362.5,50.03
1363,50.04
1363.5,50.03
1364,50
1364.5,49.99
1365,50.03
1365.5,50.05
1366,50.06
1366.5,50.06
1367,50.06
1367.5,50.06
1368,50.06
1368.5,50.07
1369,50.05
1369.5,50.03
1370,50.04
1370.5,50.02
1371,50.03
1371.5,50.04
1372,50.03
1372.5,50.05
1373,50.03
1373.5,50.03
1374,50.02
1374.5,50.05
1375,50.05
1375.5,50.05
1376,50.05
1376.5,50.05
1377,50.06
1377.5,50.07
1378,50.07
1378.5,50.08
1379,50.07
1379.5,50.08
1380,50.06
1380.5,50.06
1381,50.04
1381.5,50.03
1382,50.01
1382.5,50.01
1383,49.99
1383.5,49.97
1384,49.97
1384.5,49.97
1385,49.96
1385.5,49.97
1386,49.97
1386.5,49.97
1387,49.97
1387.5,49.99
1388,49.99
1388.5,49.99
1389,50
1389.5,50
1390,50.01
1390.5,50.01
1391,50.02
1391.5,50.02
1392,50.02
1392.5,50.04
1393,50.05
1393.5,50.05
1394,50.04
1394.5,50.04
1395,50.03
1395.5,50.02
1396,49.99
1396.5,49.98
1397,49.97
1397.5,49.95
1398,49.94
1398.5,49.94
1399,49.94
1399.5,49.95
1400,49.96
1400.5,49.96
1401,49.98
1401.5,49.98
1402,49.99
1402.5,49.99
1403,49.99
1403.5,50.01
1404,50.01
1404.5,50
1405,50.01
1405.5,50.02
1406,50.01
1406.5,50.01
1407,50.01
1407.5,50.01
1408,50.02
1408.5,50.01
1409,50
1409.5,50
1410,50
1410.5,49.99
1411,49.99
1411.5,50.01
1412,50.01
1412.5,50.01
1413,50.01
1413.5,50.01
1414,50
1414.5,50.01
1415,50.03
1415.5,50.02
1416,50
1416.5,50.01
1417,50.04
1417.5,50.05
1418,50.04
1418.5,50.03
1419,50.04
1419.5,50.06
1420,50.06
1420.5,50.05
1421,50.05
1421.5,50.04
1422,50.03
1422.5,50.01
1423,50.01
1423.5,50.01
1424,50.02
1424.5,50.03
1425,50.03
1425.5,50.06
1426,50.07
1426.5,50.06
1427,50.04
1427.5,50.04
1428,50.05
1428.5,50.04
1429,50.01
1429.5,50
1430,50
1430.5,50.01
1431,50.02
1431.5,50.02
1432,50.01
1432.5,50
1433,50.01
1433.5,50.01
1434,50.02
1434.5,50.03
1435,50.05
1435.5,50.06
1436,50.05
1436.5,50.05
1437,50.05
