1
0.892366338819142
0.794316326658321
0.693062536750491
0.59630316674717
0.51288780749575
0.439972986018846
0.380587859427119
0.335687623845042
0.300369287096675
0.27381070621482
0.252168254621514
0.23207871185051
0.213404823283697
0.196965361320528
0.183449682926895
0.170691632696916
0.160828378817382
0.153416899118621
0.143810191208811
0.133539430092123
0.125025005544568
0.117769879551774
0.112173851603973
0.111506692195052
0.114964140052401
0.121117924660653
0.128696999698729
0.137285263364319
0.146440478269443
0.149701100354871
0.142902778382809
0.13073978305197
0.115141307522775
0.0968139628856343
0.0796750188459724
0.0663990262286971
0.0593334258605933
0.0540587177627875
0.0503446536918264
0.0493104426933885
0.0480414350348105
0.0464247315564593
0.0443237457832841
0.0439551002584236
0.043724823723946
0.0447629659889097
0.0461390363661865
0.0467936269127876
0.0466045569986023
0.0451660405909483
0.0423263501806218
0.0393401641596012
0.0377831598679445
0.041247224492495
0.0475208859881586
0.0563076028509754
0.066907998673436
0.0786487010313226
0.0883206866614757
0.093384957968992
