1
0.855324492789091
0.730300033242227
0.606502716650038
0.501082462295043
0.417410814082744
0.356194933801686
0.310521776264114
0.274958690450353
0.249672031436115
0.232466442192948
0.219136568193325
0.206774453945014
0.192829968099293
0.177251997918819
0.164464669107444
0.151207102995866
0.137806578184706
0.1275930517513
0.116214896590215
0.109067472965981
0.10211235500199
0.0961673184438809
0.0907745150178595
0.0879833939248686
0.0869955361459549
0.088999421447859
0.093848563393388
0.0970526533932686
0.101400488320261
0.103700907369809
0.0971880935025568
0.0907951388090247
0.0828654238351966
0.0716979202892896
0.0605030916909942
0.0491128181193662
0.0410921462281115
0.0364326910633067
0.0373075325277026
0.0411188127242895
0.0441169070991171
0.0489568766600959
0.0513212670917654
0.0549882840193547
0.0591547758149717
0.0625870956279643
0.063717528453696
0.0647067099014817
0.0624572367787628
0.0598031330235596
0.0558380249412564
0.05252344237886
0.051027976232868
0.0534700760899823
0.0613528391489912
0.0684241872999254
0.0798820907284176
0.0919357732138267
0.10101626963442
0.108332068216524
