1
0.845610915428632
0.715394026264369
0.596803516375177
0.489099171623359
0.402711406963918
0.336707147069546
0.286149988038384
0.248443221452545
0.221249003186376
0.202924446187336
0.188686842680918
0.176596283272982
0.164603374442481
0.151265863119486
0.141179464810724
0.132141284144455
0.121578841642772
0.112755222525135
0.103594069577889
0.0967148894192669
0.090875971604854
0.0857135085060353
0.0814811511684066
0.0792444453326673
0.0787618601298322
0.0783133715164203
0.0819696912168736
0.0878311699438228
0.0926907225793989
0.0982614744911397
0.0945261415158098
0.0878389104168696
0.0809774506871809
0.0737258011360476
0.0629156787139004
0.0541365079237196
0.0451604677258843
0.0368439346578951
0.0291573703242374
0.027957310847333
0.0256696143256026
0.0254969262153017
0.0255645260817364
0.0239316443807569
0.0229223571077824
0.0199291850699456
0.0189309362097049
0.0160910269754675
0.013655495753082
0.0133490220717508
0.0168127026867543
0.0207065840145639
0.0251350688549622
0.0264090031933139
0.0297600113238233
0.0310359937997919
0.0356657443971211
0.0417149756493476
0.0477497869332481
0.0531844353370212
