1
-0.24307252569688
0.0094450060340609
0.151149428881586
0.0309420385619627
0.0116675828685963
0.0572524986336092
0.0417326624432962
0.00688288029536123
0.0329053917945529
0.0416027777478531
0.0280090752455486
0.00933190439689749
0.0294473670816449
0.039858468392281
-0.000675279928567757
0.0262621481432117
0.0479863913116496
-0.0140680051952767
0.00426990253864756
0.0628579642723267
0.00479442666386113
-0.00307116396897515
0.0310679019453377
0.0307114896588131
-0.00318649960556613
0.0146474421404626
0.0451900917736588
-0.00351014520268057
-0.00182682979594548
0.0667675331432588
0.0029583094536804
-0.00960161755058794
0.0469637837818494
0.0112013011243531
-0.00444314309184681
0.0321884732878137
0.0234748397884095
-0.00291720960248473
0.00158004889510307
0.0500690440056755
0.0101855838138756
-0.021917933572881
0.0405918198875515
0.0242599864034842
-0.0150801277673763
0.0270869955434398
0.0277832580347306
-0.00823084130784299
0.0041939170338353
0.035087757949578
0.0123709417072498
-0.0160679787686467
0.0193049820449374
0.0297886452793496
-0.0162945616862245
-0.00349998459620548
0.0490579174721776
-0.0150639115038304
-0.0159726299240599
0.0784241198317474
