1
0.782605582794612
0.677684443079951
0.581813635586328
0.495756316130392
0.418041586469101
0.344301672282389
0.280454264451182
0.22668827668136
0.183059883499275
0.153851213429723
0.131995157950357
0.119108823175777
0.112783641052052
0.118715782412845
0.1194138578893
0.0981996572762816
0.0721232640297804
0.0521561333397762
0.0384847807665668
0.0299290866022502
0.0232988744184027
0.0248530058225085
0.0317143175168926
0.0410325189598781
0.0540642647205998
0.0676295543826978
0.089187144418489
0.117378685866648
0.145225293055988
0.160632622478433
0.141426398422367
0.114397670327
0.084725660356772
0.0599532677922024
0.0420262749594877
0.0251601428872032
0.0126626386776611
0.00202505612341797
-0.00466640754937647
-0.00485145564879713
-0.00282636755284785
0.00666720513532147
0.0201056102787765
0.0396091449110594
0.0541464808056976
0.0510388585407629
0.042829023634015
0.0419955468944975
0.0481703880549425
0.0577492037372856
0.0728564880231921
0.0937189441814881
0.122592177715895
0.155345713021064
0.195160010244246
0.236442817551815
0.280400437759216
0.33117244324076
0.379510365582126
0.4086278477447
