1
0.9006008244412
0.804014644609998
0.703713347751854
0.608407967177593
0.52500207783118
0.455061655001487
0.397182029202197
0.351926919405092
0.316450470420032
0.287970447097315
0.264324787214942
0.244289567712224
0.227640901492852
0.213638271599451
0.203241578621536
0.19225679313769
0.181142993121047
0.17025550030551
0.158558093196485
0.148339751604474
0.139071380972997
0.130784048902473
0.123763089497859
0.121786596438528
0.122384443091904
0.126803297813831
0.132703226537135
0.139661538003309
0.146132798159706
0.147459691625932
0.139637292568192
0.127213300338418
0.112779331931882
0.0974716320564356
0.0846069073174892
0.0764647803309038
0.0722580234850932
0.0709492783555384
0.071331665076252
0.0714850564024127
0.0714835389492396
0.0725501713014773
0.0723228044764349
0.0714655112460694
0.0674600171614486
0.0616854056333208
0.0562252758821995
0.0492895992549588
0.0429609920657854
0.0383346335119935
0.0355980807356124
0.0340514273252217
0.0370225609307676
0.0422605132543382
0.0498031094535417
0.0616032988622785
0.0762925014139558
0.0891185019628066
0.0998079154573224
0.105748262729737
