1
0.761012938951991
0.640819049347605
0.541702869880193
0.44865579090851
0.35974756211455
0.278015451748866
0.205215262936412
0.146644239058415
0.100499826616547
0.0691623983690143
0.0460971444274393
0.034980243514184
0.0319200499902555
0.039124645252211
0.0392576125980341
0.0232376087191146
-0.00601506415986516
-0.0276702742897585
-0.0416127883794069
-0.0502615690293247
-0.0545885988934967
-0.0516073403942592
-0.0481926556263633
-0.0392855391240655
-0.0246067509017706
-0.00269343728655323
0.0198767242089853
0.050482661063114
0.0820734036799979
0.0957890793643018
0.0782584369673499
0.0468072587563313
0.0145126888306392
-0.00872103472987088
-0.0274224437541235
-0.046290017999331
-0.0614321621117817
-0.0674959645468007
-0.0718720333653813
-0.0676521475384588
-0.0645162878510538
-0.0522771415006266
-0.0345351730789705
-0.0138897765185263
0.0054484912945797
0.000704477326096901
-0.00927593630409575
-0.0129552268395057
-0.0114049793628076
0.00213724146608278
0.0185335681827004
0.0476297963345881
0.0802589418148875
0.120411241134161
0.167034778391897
0.2129475240659
0.263011781100381
0.31803216425241
0.368180442817905
0.399796378233497
