1
0.892541787584005
0.79779448148344
0.691593011562258
0.596605769905978
0.514478899409532
0.446971838948056
0.392690529855889
0.351333686496022
0.320191437734559
0.297830159290003
0.280851275531358
0.267388966157289
0.256090209286611
0.245676369128456
0.236729931945052
0.225522003603223
0.214333160678029
0.202445539967557
0.190359842654844
0.179833428805098
0.170895845547849
0.163927797391093
0.160269986283213
0.161380838766752
0.164944039599388
0.171004455579439
0.179651255571427
0.190790641608448
0.19940115142173
0.202852524250196
0.195212718898779
0.185742992535065
0.17183533497037
0.156963364470573
0.143644142654403
0.13439230918911
0.127406215727878
0.123778618281221
0.123468583451454
0.12506433422866
0.125390003022479
0.1265263978606
0.126591019732067
0.12649687063798
0.125090091808952
0.122526611135128
0.115911572669056
0.109558812825734
0.102862994696909
0.0982061591737661
0.0948494122578721
0.0929208226301012
0.0934236618004234
0.0948031697748108
0.0977135085964487
0.107524676887054
0.120198560330067
0.13462571206708
0.147519189735902
0.1545994652737
