1
0.904390658307196
0.820992474381992
0.731818111545621
0.653635582616548
0.582860752326158
0.524036538479807
0.471400357890267
0.429028565269901
0.39630086970153
0.369193154969941
0.34717418825647
0.328474433303149
0.31307989691374
0.298346047175845
0.284939453700362
0.271321044869343
0.257474477992588
0.242948137388449
0.227156974493604
0.2140120089111
0.202393000983736
0.191665040815152
0.183194714347706
0.176573122689406
0.173228736154724
0.170820862336406
0.170859155505969
0.172212068173625
0.173235466112489
0.175119264703124
0.169695347934037
0.16098133700902
0.151357442277313
0.141225129213249
0.130667739273798
0.120955717764134
0.114797798600956
0.111753604006883
0.109974079475694
0.108741341115027
0.109462951162847
0.112951437898498
0.11735843960651
0.119746517776976
0.119362971545533
0.117535113094234
0.113580623011448
0.108656831167546
0.103278432173299
0.0992206361866008
0.0968515144385509
0.0936184935493675
0.0924087038605889
0.0935985076071492
0.0974620595388615
0.103160040792846
0.108672251276624
0.117328392794053
0.126082301370063
0.133361294940784
