1
0.779559983497059
0.660710152405291
0.556817179546874
0.458857498645854
0.369637904556143
0.288588315727267
0.217028083513278
0.157377877836225
0.10781315009358
0.0741851125549765
0.0484946002911681
0.0355753801580947
0.035195728038566
0.0387964924657859
0.0413926323308169
0.0192296742186404
-0.00772337798904746
-0.0250717063906642
-0.04098779132367
-0.0505951642183273
-0.0569389972845593
-0.055194763227904
-0.0496139749857364
-0.0383223590627845
-0.023554691304445
-0.00593786304697858
0.0189551251475929
0.0517219747751705
0.0838191265596751
0.101714207245855
0.0865050650953844
0.0558895213934594
0.0232566903410377
9.12870017228123e-05
-0.0186669507144325
-0.0339479074200234
-0.0459085650322121
-0.0558975691007554
-0.0591252461298823
-0.0571766264740722
-0.0538261831839184
-0.0441914309589082
-0.0321723579093374
-0.0106147517481723
0.00611984786904868
0.00163971044456545
-0.00599216788317313
-0.00867627189219787
-0.00650083243989155
0.0089860830734515
0.022662092418983
0.0484678577890237
0.0819916274001973
0.123622301097534
0.17324784272486
0.221701282889292
0.275521233769143
0.335598618947223
0.387510894723815
0.422619954377739
