1
0.856638763535789
0.738546810438722
0.616869446258831
0.514192131674969
0.429596010839865
0.364930348680744
0.314867684343249
0.275318868906018
0.245891227480058
0.22273948418579
0.207631730421685
0.193724003227672
0.182859386480809
0.171059555272609
0.163971070661698
0.157288785516297
0.150721047582444
0.142711838256649
0.132695245802246
0.122281671680869
0.113823032916048
0.109016406350668
0.103730396191573
0.0985025615724198
0.0970211635806444
0.0979488299268752
0.104136029817264
0.112241551295169
0.118363123941191
0.121537154025586
0.115557791813596
0.107925226694583
0.0957558684277915
0.084742607782466
0.0753514316326264
0.0669214730722971
0.0612597958409093
0.0548045474490689
0.0497037856949059
0.0480787681803942
0.0461952037900579
0.0461954038653098
0.0465420175465414
0.0463244749391598
0.0482277430128746
0.0466826489735324
0.0449029385862836
0.0410445430597921
0.0382032112283371
0.0367972603159185
0.0357995315992981
0.0354434832029638
0.036560021675837
0.0370763786464721
0.0383855021945696
0.0422104531076971
0.0471864391637688
0.0553550917993573
0.063194904854044
0.0715570535795586
