1
0.899482763603547
0.806026510667885
0.705049363411533
0.610566467697926
0.526963334615088
0.456037961380231
0.397802997094388
0.352230859927455
0.316236604551575
0.28589492046838
0.262684106972202
0.24338817890016
0.22631086017284
0.209390529912808
0.193515747131346
0.179914840707605
0.168410734793105
0.157794171767267
0.147296687643839
0.14014407677794
0.133420054266927
0.126363331359791
0.12155081571102
0.120731908435822
0.122645799134868
0.127732609562321
0.134236161538823
0.141446706967168
0.147257613941269
0.149710517825232
0.142153133878368
0.131826480180911
0.120781448587574
0.107943660885377
0.0985238774657599
0.088821650364239
0.0823459741526941
0.078314247532756
0.0771219780129672
0.0756244975056559
0.0735400814909664
0.0736760149993723
0.0726985506765115
0.0720330150959042
0.0707994862030124
0.0701067591480922
0.0670049659521243
0.0643844058291668
0.0607198055754021
0.0581963214236378
0.0549666754650579
0.05229385667012
0.0539643327037364
0.0583502159569931
0.0675527295981047
0.0759134316855585
0.0857875633234871
0.0950853415178808
0.104015292590335
0.108000916649878
