1
0.881900512371605
0.781928529321686
0.677250600714095
0.582992392954158
0.500764290521181
0.432711863120041
0.37888654984985
0.339371247302939
0.310496249810599
0.287143024886998
0.266045158675776
0.24844272734488
0.232943621894115
0.217421829090918
0.203313928824242
0.18994104648021
0.176094132189133
0.164266041523273
0.151467030034615
0.14071176941878
0.13179225909058
0.123836868552392
0.117191253152009
0.114640780838498
0.114889355720368
0.118345370508904
0.122978963699385
0.129096597062596
0.133795852819192
0.136268723570392
0.134581623118078
0.128751334731318
0.121734845544253
0.112477465515334
0.103320032825462
0.0940937537261046
0.0862416503036796
0.0806265588848647
0.0796823375960722
0.0821766414717538
0.0870550531825372
0.094548193954358
0.101594259115398
0.107734597257214
0.111966455667004
0.114273604908453
0.115435528709165
0.112222161700623
0.105504793106952
0.0984132785637767
0.0900748756208684
0.0829566684810529
0.0790005411786129
0.0790177336318452
0.0849990952650792
0.0932391996558755
0.104274818634063
0.113847743997288
0.124508205020314
0.130322109638673
