1
0.740955388041173
0.711085813076576
0.694188433897676
0.662981084509592
0.638641686717877
0.61210034290521
0.584205420034735
0.560548419456765
0.537480645119116
0.525334116721564
0.498369669696067
0.475770213886477
0.457426176088637
0.444303357119679
0.434216981412388
0.406894757573574
0.38339446517796
0.362787944425627
0.346355149883771
0.333288205016911
0.313814428702929
0.297393249975733
0.283714779998675
0.27492519549227
0.265814263318893
0.255145637667323
0.242861336401108
0.235430606575414
0.229544947592664
0.231918892903272
0.213081420049812
0.201059233770358
0.190069549716201
0.18548821128944
0.178923735036176
0.170088094015469
0.161469033899357
0.156510997351593
0.154422584610738
0.155376182551204
0.148398450556212
0.144989043587816
0.143540752337227
0.147061626802075
0.150855559602954
0.141490394862676
0.133558846650979
0.129659795275848
0.128403550965922
0.129982630521301
0.122820567283883
0.1186453458793
0.116802041037942
0.121353298299462
0.123677197269044
0.122466809971935
0.12252215446644
0.125007095158434
0.130715870046127
0.146081861040869
