1
0.87048470838181
0.759400959362434
0.648494064407967
0.549998207485961
0.467652972364938
0.400618235534773
0.350015644921155
0.312414965287041
0.283557616083687
0.262081365094629
0.243350865235735
0.227562117389251
0.213885158477035
0.202192442046539
0.192897916099847
0.182169346294553
0.171264831151577
0.159191433948716
0.147022821976056
0.134844901093607
0.123149250947527
0.113355874001557
0.106551744619686
0.103056659715075
0.105022411786707
0.106526591690542
0.111698457191008
0.116683461656357
0.11948854128397
0.120370614425751
0.116623360266944
0.111766606959769
0.103324863759774
0.0950428862122214
0.0852278177544369
0.077351765876128
0.0744619461019942
0.0716285693108449
0.0694455412620282
0.0716068168368185
0.0734571695948861
0.0760574572093618
0.0806104161843989
0.0835423602376721
0.0854387286880004
0.0850698235600686
0.0839446923100066
0.0808640308607007
0.0780195950699732
0.0731115554832611
0.0699587237058337
0.0685557892347677
0.0697489697103484
0.0721586803899391
0.0779169657767386
0.0845623895221146
0.0929093452991678
0.10257709127876
0.112027721340099
0.116944861236344
