1
0.875258061578229
0.763106174327031
0.644580603682841
0.534578974349596
0.442436445069545
0.366498515347821
0.305992510976749
0.261085505500064
0.22993561225913
0.206599489407421
0.190870191169699
0.181352660795532
0.173653978630101
0.166807515287347
0.15917152996904
0.149841423739564
0.139882511331801
0.131476434822715
0.121879904653129
0.114074203814094
0.107775895137232
0.102841498613377
0.0994828921361057
0.0990210246804818
0.101240523603758
0.105539084361811
0.112349657501538
0.119959136382724
0.126990001708558
0.131253770747544
0.125019332024785
0.114199005200179
0.101784906076469
0.0910493740103532
0.0836731719542197
0.0778980716625099
0.0758646690390483
0.0747891314054081
0.0740563664201608
0.076003437994931
0.0774208866593991
0.0795073094323958
0.0808195807874491
0.0832786186155205
0.0848091523638048
0.0850159055125791
0.0818180292036697
0.0793094563682475
0.0760266658408795
0.0740135862949466
0.0730036149212706
0.072984325830872
0.0745627103504928
0.0789079616038722
0.0872976975772009
0.096920217289739
0.109849377021897
0.12367961745914
0.133434008970361
0.136040828264472
