1
0.64702445088506
0.439985514853731
0.307560620692606
0.221698334586674
0.142059614064751
0.0802277272842106
0.035411239208423
0.0149454751090852
-0.00624344633156009
-0.021687823471445
-0.0111111138716204
0.000790784277438866
0.0101944586343065
0.0319005933531094
0.0510943052317548
0.0654481236677988
0.0755729886504436
0.0850184168829263
0.0879826592296265
0.0909765924314964
0.09468282622427
0.0959262710122002
0.0901241856438033
0.103614206894098
0.0975231928746925
0.103418468004748
0.0953562804772701
0.0976113830011888
0.0999393700431671
0.101703288690111
0.0880543782327632
0.0672962789246006
0.0702467116291883
0.0682067035857524
0.0541511845442436
0.0372222039511595
0.0406068382579122
0.0357324477149847
0.0361538966333319
0.033637134745828
0.0302018973703313
0.0294698207088961
0.0404368220576384
0.0567564561850446
0.0728121536784973
0.073289924041762
0.0813311470697631
0.0945913897416157
0.103854930815915
0.100154112554127
0.0927499272945609
0.0885595938470213
0.0878534911058248
0.084979222001169
0.0848183099904499
0.0748895764104031
0.0725872056674297
0.0757469336953782
0.0743290241959065
0.0819187756659488
