1
0.957045908455406
0.885607545776961
0.800544969139496
0.710932761481044
0.624858836063231
0.549478930540036
0.484113425543706
0.427903306198215
0.378719640166214
0.342432087097799
0.319044906273659
0.307588465140141
0.303129538935485
0.302447920409388
0.298614119503724
0.288214879037652
0.272276831753885
0.249122663926586
0.222999215548772
0.196476012887626
0.169933266983424
0.1497595280086
0.131432350166406
0.116677528810362
0.109240050533904
0.108335690732733
0.112339876589381
0.118380290808701
0.124377359261222
0.126811466369164
0.120607325188216
0.107272125457231
0.0883896003471721
0.068674369005131
0.0505020311875572
0.0339976119542488
0.0198355948120745
0.00880446364602254
0.0031547931527449
-0.00235707443866782
-0.00447948737298367
-0.00123660017708586
0.00275731395779598
0.0050016302154132
0.00187814022251647
-0.00879570584680706
-0.024475060829316
-0.0451233443591996
-0.0672218174388739
-0.0885692635795648
-0.106996787377618
-0.1178934983423
-0.120834963086337
-0.113906595606363
-0.0978228424755502
-0.0747049940500636
-0.0484919634340701
-0.0240200121339631
-0.00430264304725065
0.00899134866160691
