time,frequency
0,50.02
0.5,50.01
1,49.98
1.5,49.96
2,49.95
2.5,49.94
3,49.93
3.5,49.92
4,49.91
4.5,49.91
5,49.91
5.5,49.9
6,49.91
6.5,49.9
7,49.9
7.5,49.91
8,49.92
8.5,49.92
9,49.92
9.5,49.92
10,49.94
10.5,49.95
11,49.97
11.5,49.98
12,49.99
12.5,50.01
13,50.04
13.5,50.04
14,50.06
14.5,50.06
15,50.06
15.5,50.05
16,50.05
16.5,50.04
17,50.03
17.5,50.03
18,50.02
18.5,50.02
19,50.03
19.5,50.04
20,50.04
20.5,50.03
21,50.02
21.5,50.02
22,50.02
22.5,50.02
23,50.02
23.5,50.02
24,50.02
24.5,50.02
25,50.02
25.5,50.02
26,50.03
26.5,50.02
27,50.03
27.5,50.05
28,50.05
28.5,50.05
29,50.07
29.5,50.06
30,50.07
30.5,50.07
31,50.08
31.5,50.08
32,50.07
32.5,50.08
33,50.08
33.5,50.08
34,50.07
34.5,50.06
35,50.05
35.5,50.03
36,50.01
36.5,50
37,50
37.5,50.02
38,50.03
38.5,50.04
39,50.04
39.5,50.04
40,50.04
40.5,50.05
41,50.05
41.5,50.05
42,50.06
42.5,50.05
43,50.06
43.5,50.06
44,50.06
44.5,50.05
45,50.05
45.5,50.05
46,50.05
46.5,50.05
47,50.05
47.5,50.04
48,50.04
48.5,50.04
49,50.05
49.5,50.07
50,50.09
50.5,50.09
51,50.07
51.5,50.08
52,50.09
52.5,50.07
53,50.07
53.5,50.08
54,50.09
54.5,50.09
55,50.08
55.5,50.1
56,50.11
56.5,50.1
57,50.1
57.5,50.11
58,50.11
58.5,50.12
59,50.12
59.5,50.13
60,50.14
60.5,50.14
61,50.15
61.5,50.16
62,50.15
62.5,50.13
63,50.13
63.5,50.12
64,50.12
64.5,50.11
65,50.11
65.5,50.12
66,50.11
66.5,50.1
67,50.09
67.5,50.07
68,50.08
68.5,50.09
69,50.09
69.5,50.08
70,50.09
70.5,50.1
71,50.1
71.5,50.09
72,50.09
72.5,50.09
73,50.08
73.5,50.07
74,50.09
74.5,50.09
75,50.09
75.5,50.08
76,50.06
76.5,50.06
77,50.05
77.5,50.05
78,50.05
78.5,50.05
79,50.05
79.5,50.07
80,50.07
80.5,50.08
81,50.07
81.5,50.06
82,50.05
82.5,50.05
83,50.05
83.5,50.05
84,50.05
84.5,50.06
85,50.06
85.5,50.07
86,50.08
86.5,50.09
87,50.07
87.5,50.06
88,50.05
88.5,50.04
89,50.03
89.5,50.04
90,50.03
90.5,50.04
91,50.04
91.5,50.04
92,50.04
92.5,50.05
93,50.05
93.5,50.04
94,50.04
94.5,50.04
95,50.05
95.5,50.05
96,50.05
96.5,50.04
97,50.03
97.5,50.03
98,50.05
98.5,50.07
99,50.08
99.5,50.09
100,50.08
100.5,50.07
101,50.07
101.5,50.07
102,50.06
102.5,50.04
103,50.03
103.5,50.03
104,50.02
104.5,50.03
105,50.03
105.5,50.04
106,50.03
106.5,50.02
107,50.03
107.5,50.03
108,50.02
108.5,49.99
109,50
109.5,50
110,50
110.5,50
111,50
111.5,50.01
112,50.03
112.5,50.03
113,50.03
113.5,50.04
114,50.04
114.5,50.06
115,50.06
115.5,50.06
116,50.06
116.5,50.05
117,50.06
117.5,50.07
118,50.07
118.5,50.07
119,50.07
119.5,50.06
120,50.05
120.5,50.06
121,50.04
121.5,50.02
122,50.02
122.5,50.01
123,50.02
123.5,50.03
124,50.02
124.5,50.02
125,50
125.5,49.99
126,49.99
126.5,50.02
127,50.02
127.5,50.02
128,50.04
128.5,50.03
129,50.03
129.5,50.03
130,50.04
130.5,50.05
131,50.05
131.5,50.05
132,50.05
132.5,50.05
133,50.05
133.5,50.06
134,50.03
134.5,50.02
135,50.01
135.5,50
136,50.02
136.5,50.03
137,50.04
137.5,50.04
138,50.03
138.5,50.03
139,50.01
139.5,50
140,49.99
140.5,50
141,50
141.5,49.99
142,49.99
142.5,49.97
143,49.97
143.5,49.98
144,49.98
144.5,49.98
145,49.97
145.5,49.97
146,49.97
146.5,49.98
147,50.01
147.5,50.02
148,49.99
148.5,49.98
149,49.99
149.5,50
150,49.99
150.5,49.99
151,49.97
151.5,49.97
152,49.98
152.5,50
153,49.99
153.5,49.99
154,49.99
154.5,49.99
155,49.99
155.5,49.99
156,50
156.5,50.03
157,50.04
157.5,50.03
158,50.03
158.5,50.03
159,50.04
159.5,50.05
160,50.06
160.5,50.05
161,50.04
161.5,50.04
162,50.05
162.5,50.06
163,50.05
163.5,50.03
164,50.03
164.5,50.05
165,50.05
165.5,50.06
166,50.03
166.5,50.02
167,50.02
167.5,50.03
168,50.02
168.5,50.02
169,50.03
169.5,50.04
170,50.05
170.5,50.05
171,50.04
171.5,50.04
172,50.02
172.5,50.03
173,50.02
173.5,50.01
174,49.99
174.5,49.98
175,50
175.5,50
176,50
176.5,50.01
177,50.02
177.5,50.01
178,50.02
178.5,50.03
179,50.03
179.5,50.01
180,50.02
180.5,50.03
181,50.02
181.5,50.01
182,50
182.5,50
183,49.99
183.5,49.98
184,49.99
184.5,49.99
185,49.99
185.5,50
186,49.99
186.5,49.99
187,49.99
187.5,49.99
188,49.99
188.5,50
189,50.01
189.5,50
190,49.99
190.5,49.99
191,49.99
191.5,50.02
192,50.05
192.5,50.05
193,50.05
193.5,50.04
194,50.03
194.5,50.04
195,50.05
195.5,50.03
196,50.01
196.5,50
197,50
197.5,50.01
198,50.01
198.5,50.01
199,50.03
199.5,50.02
200,50
200.5,50
201,50.01
201.5,50.01
202,50.01
202.5,50.02
203,50.03
203.5,50.04
204,50.05
204.5,50.06
205,50.06
205.5,50.04
206,50.05
206.5,50.05
207,50.04
207.5,50.04
208,50.03
208.5,50.02
209,50.03
209.5,50.04
210,50.05
210.5,50.04
211,50.04
211.5,50.05
212,50.04
212.5,50.05
213,50.06
213.5,50.05
214,50.07
214.5,50.08
215,50.06
215.5,50.05
216,50.05
216.5,50.07
217,50.07
217.5,50.07
218,50.07
218.5,50.06
219,50.06
219.5,50.06
220,50.07
220.5,50.06
221,50.06
221.5,50.08
222,50.09
222.5,50.09
223,50.08
223.5,50.07
224,50.06
224.5,50.06
225,50.07
225.5,50.08
226,50.07
226.5,50.05
227,50.04
227.5,50.05
228,50.05
228.5,50.04
229,50.03
229.5,50.04
230,50.06
230.5,50.07
231,50.08
231.5,50.08
232,50.06
232.5,50.05
233,50.05
233.5,50.06
234,50.06
234.5,50.05
235,50.05
235.5,50.05
236,50.06
236.5,50.05
237,50.03
237.5,50.04
238,50.04
238.5,50.04
239,50.05
239.5,50.06
240,50.06
240.5,50.06
241,50.08
241.5,50.08
242,50.08
242.5,50.08
243,50.07
243.5,50.05
244,50.04
244.5,50.04
245,50.03
245.5,50.01
246,50.01
246.5,50.02
247,50.01
247.5,50
248,50
248.5,50
249,50
249.5,50.01
250,50.01
250.5,50.01
251,50
251.5,50
252,50
252.5,49.99
253,49.98
253.5,49.99
254,50.01
254.5,50.04
255,50.04
255.5,50.05
256,50.04
256.5,50.04
257,50.05
257.5,50.05
258,50.05
258.5,50.05
259,50.05
259.5,50.05
260,50.06
260.5,50.07
261,50.06
261.5,50.03
262,50.01
262.5,50.01
263,50.01
263.5,49.99
264,49.98
264.5,49.97
265,49.97
265.5,49.99
266,49.97
266.5,49.95
267,49.94
267.5,49.97
268,49.98
268.5,49.96
269,49.98
269.5,49.99
270,50.02
270.5,50.01
271,50
271.5,50
272,50.01
272.5,50.02
273,50.04
273.5,50.04
274,50.02
274.5,50.01
275,50.02
275.5,50.02
276,50.02
276.5,50.02
277,50.03
277.5,50.03
278,50.03
278.5,50.03
279,50.04
279.5,50.06
280,50.05
280.5,50.06
281,50.07
281.5,50.06
282,50.05
282.5,50.04
283,50.04
283.5,50.04
284,50.05
284.5,50.06
285,50.06
285.5,50.05
286,50.06
286.5,50.06
287,50.07
287.5,50.07
288,50.07
288.5,50.07
289,50.06
289.5,50.05
290,50.05
290.5,50.05
291,50.04
291.5,50.05
292,50.06
292.5,50.05
293,50.04
293.5,50.03
294,50.04
294.5,50.03
295,50
295.5,49.99
296,49.99
296.5,49.98
297,49.99
297.5,49.98
298,50
298.5,50.01
299,50.01
299.5,50.03
300,50.02
300.5,50.02
301,50.03
301.5,50.05
302,50.07
302.5,50.08
303,50.08
303.5,50.06
304,50.06
304.5,50.04
305,50.02
305.5,50.02
306,50.01
306.5,50.01
307,50.01
307.5,49.99
308,49.98
308.5,50.01
309,50.01
309.5,50.01
310,50
310.5,50
311,49.98
311.5,49.98
312,49.97
312.5,50
313,50.01
313.5,49.99
314,50
314.5,50.01
315,50.02
315.5,50.02
316,50.01
316.5,50
317,49.97
317.5,49.98
318,49.98
318.5,49.96
319,49.95
319.5,49.95
320,49.98
320.5,49.98
321,49.98
321.5,49.99
322,50.01
322.5,50.03
323,50.01
323.5,50.01
324,50.03
324.5,50.01
325,50.02
325.5,50
326,50.01
326.5,50.01
327,50.02
327.5,50.01
328,49.99
328.5,50.01
329,50
329.5,50.01
330,50.01
330.5,50.02
331,49.99
331.5,49.98
332,49.98
332.5,50
333,50.02
333.5,50.01
334,50
334.5,50.02
335,50.04
335.5,50.04
336,50.05
336.5,50.04
337,50.04
337.5,50.05
338,50.06
338.5,50.06
339,50.08
339.5,50.06
340,50.05
340.5,50.04
341,50.01
341.5,49.99
342,50.01
342.5,50
343,49.98
343.5,49.98
344,49.98
344.5,49.97
345,49.96
345.5,49.95
346,49.95
346.5,49.96
347,49.99
347.5,49.99
348,49.98
348.5,49.97
349,49.98
349.5,49.97
350,49.94
350.5,49.94
351,49.95
351.5,49.95
352,49.96
352.5,49.95
353,49.96
353.5,49.96
354,49.98
354.5,49.99
355,49.97
355.5,49.96
356,49.97
356.5,49.99
357,50.01
357.5,50.01
358,50.03
358.5,50.02
359,50.05
359.5,50.07
360,50.07
360.5,50.09
361,50.09
361.5,50.09
362,50.08
362.5,50.08
363,50.06
363.5,50.04
364,50.05
364.5,50.02
365,50
365.5,50
366,49.99
366.5,49.97
367,49.96
367.5,49.94
368,49.93
368.5,49.94
369,49.96
369.5,49.95
370,49.96
370.5,49.96
371,49.97
371.5,49.97
372,49.94
372.5,49.94
373,49.93
373.5,49.94
374,49.9
374.5,49.9
375,49.93
375.5,49.92
376,49.92
376.5,49.91
377,49.91
377.5,49.91
378,49.9
378.5,49.88
379,49.86
379.5,49.85
380,49.85
380.5,49.84
381,49.83
381.5,49.82
382,49.8
382.5,49.81
383,49.83
383.5,49.85
384,49.83
384.5,49.84
385,49.83
385.5,49.86
386,49.85
386.5,49.86
387,49.86
387.5,49.85
388,49.86
388.5,49.87
389,49.89
389.5,49.9
390,49.91
390.5,49.91
391,49.91
391.5,49.89
392,49.89
392.5,49.89
393,49.91
393.5,49.91
394,49.9
394.5,49.92
395,49.93
395.5,49.94
396,49.94
396.5,49.96
397,49.96
397.5,49.98
398,49.97
398.5,49.95
399,49.94
399.5,49.93
400,49.93
400.5,49.94
401,49.93
401.5,49.93
402,49.94
402.5,49.95
403,49.95
403.5,49.96
404,49.98
404.5,50
405,50
405.5,50.01
406,50
406.5,50
407,50
407.5,49.98
408,49.95
408.5,49.94
409,49.95
409.5,49.94
410,49.95
410.5,49.94
411,49.94
411.5,49.95
412,49.96
412.5,49.98
413,49.99
413.5,49.99
414,49.98
414.5,50
415,50.02
415.5,50.02
416,50.03
416.5,50.04
417,50.04
417.5,50.04
418,50.04
418.5,50.04
419,50.04
419.5,50.03
420,50.02
420.5,50.02
421,50.03
421.5,50.05
422,50.07
422.5,50.06
423,50.04
423.5,50.04
424,50.03
424.5,50.04
425,50.03
425.5,50.02
426,50.02
426.5,50.04
427,50.05
427.5,50.05
428,50.05
428.5,50.05
429,50.04
429.5,50.03
430,50.02
430.5,50.02
431,50.03
431.5,50.04
432,50.03
432.5,50.03
433,50.04
433.5,50.03
434,50.04
434.5,50.03
435,50.03
435.5,50.02
436,50.03
436.5,50.04
437,50.05
437.5,50.05
438,50.03
438.5,50.03
439,50.01
439.5,50.01
440,50.01
440.5,50.01
441,50.01
441.5,50.03
442,50.04
442.5,50.04
443,50.05
443.5,50.04
444,50.04
444.5,50.04
445,50.03
445.5,50.03
446,50.01
446.5,50.02
447,50.01
447.5,50.03
448,50.04
448.5,50.04
449,50.05
449.5,50.05
450,50.02
450.5,50.03
451,50.03
451.5,50.02
452,50.01
452.5,50.02
453,50.02
453.5,50
454,50.01
454.5,50.02
455,50.02
455.5,50.03
456,50.03
456.5,50.02
457,50.01
457.5,50.01
458,50.01
458.5,50.01
459,50
459.5,50.01
460,50.01
460.5,50.03
461,50.03
461.5,50.04
462,50.04
462.5,50.04
463,50.05
463.5,50.03
464,50.01
464.5,50.02
465,50.02
465.5,50.05
466,50.04
466.5,50.03
467,50.05
467.5,50.03
468,50.03
468.5,50.03
469,50.04
469.5,50.05
470,50.05
470.5,50.05
471,50.05
471.5,50.06
472,50.07
472.5,50.08
473,50.09
473.5,50.08
474,50.07
474.5,50.08
475,50.08
475.5,50.09
476,50.07
476.5,50.07
477,50.06
477.5,50.07
478,50.07
478.5,50.07
479,50.07
479.5,50.07
480,50.08
480.5,50.1
481,50.12
481.5,50.12
482,50.11
482.5,50.12
483,50.11
483.5,50.11
484,50.1
484.5,50.11
485,50.11
485.5,50.12
486,50.1
486.5,50.11
487,50.1
487.5,50.08
488,50.06
488.5,50.06
489,50.05
489.5,50.06
490,50.05
490.5,50.04
491,50
491.5,50.01
492,50
492.5,49.99
493,49.96
493.5,49.94
494,49.93
494.5,49.94
495,49.94
495.5,49.94
496,49.92
496.5,49.93
497,49.93
497.5,49.92
498,49.92
498.5,49.94
499,49.95
499.5,49.96
500,49.95
500.5,49.96
501,49.97
501.5,49.97
502,49.98
502.5,49.97
503,49.97
503.5,49.97
504,49.97
504.5,49.97
505,49.97
505.5,50
506,49.99
506.5,49.98
507,49.97
507.5,49.96
508,50
508.5,50.01
509,50.01
509.5,49.99
510,49.97
510.5,49.98
511,49.99
511.5,50.01
512,50
512.5,49.98
513,49.97
513.5,49.94
514,49.92
514.5,49.93
515,49.91
515.5,49.89
516,49.89
516.5,49.89
517,49.89
517.5,49.88
518,49.89
518.5,49.9
519,49.91
519.5,49.9
520,49.9
520.5,49.9
521,49.89
521.5,49.91
522,49.92
522.5,49.93
523,49.92
523.5,49.93
524,49.91
524.5,49.91
525,49.91
525.5,49.9
526,49.92
526.5,49.94
527,49.94
527.5,49.94
528,49.93
528.5,49.94
529,49.96
529.5,49.98
530,49.98
530.5,49.98
531,50
531.5,50.01
532,50.01
532.5,49.99
533,50
533.5,50.01
534,50.01
534.5,50.03
535,50.05
535.5,50.07
536,50.07
536.5,50.07
537,50.07
537.5,50.09
538,50.08
538.5,50.09
539,50.1
539.5,50.1
540,50.1
540.5,50.11
541,50.11
541.5,50.11
542,50.1
542.5,50.08
543,50.08
543.5,50.07
544,50.07
544.5,50.04
545,50.03
545.5,50.04
546,50.04
546.5,50
547,49.98
547.5,49.98
548,49.97
548.5,49.97
549,49.95
549.5,49.94
550,49.95
550.5,49.95
551,49.97
551.5,49.96
552,49.96
552.5,49.97
553,49.98
553.5,49.96
554,49.97
554.5,49.99
555,49.99
555.5,49.99
556,49.98
556.5,49.98
557,50
557.5,50.01
558,50.03
558.5,50.03
559,50.03
559.5,50.06
560,50.06
560.5,50.04
561,50.04
561.5,50.07
562,50.08
562.5,50.07
563,50.06
563.5,50.07
564,50.08
564.5,50.07
565,50.06
565.5,50.07
566,50.07
566.5,50.06
567,50.06
567.5,50.08
568,50.08
568.5,50.07
569,50.06
569.5,50.05
570,50.04
570.5,50.03
571,50.03
571.5,50.02
572,50.03
572.5,50.05
573,50.03
573.5,50.03
574,50.04
574.5,50.03
575,50.03
575.5,50.02
576,50.03
576.5,50.05
577,50.05
577.5,50.05
578,50.04
578.5,50.04
579,50.05
579.5,50.05
580,50.05
580.5,50.06
581,50.06
581.5,50.05
582,50.06
582.5,50.06
583,50.06
583.5,50.06
584,50.08
584.5,50.1
585,50.1
585.5,50.07
586,50.04
586.5,50.05
587,50.05
587.5,50.05
588,50.05
588.5,50.05
589,50.06
589.5,50.05
590,50.05
590.5,50.05
591,50.05
591.5,50.05
592,50.05
592.5,50.04
593,50.05
593.5,50.04
594,50.03
594.5,50.03
595,50.03
595.5,50.03
596,50.03
596.5,50.03
597,50.02
597.5,49.99
598,49.99
598.5,50
599,50
599.5,50.02
600,50.03
600.5,50.04
601,50.04
601.5,50.02
602,50.02
602.5,50.04
603,50.04
603.5,50.06
604,50.07
604.5,50.07
605,50.08
605.5,50.07
606,50.06
606.5,50.04
607,50.05
607.5,50.06
608,50.05
608.5,50.04
609,50.03
609.5,50.04
610,50.06
610.5,50.06
611,50.05
611.5,50.05
612,50.05
612.5,50.03
613,50.02
613.5,50.01
614,50.02
614.5,50.02
615,50.01
615.5,50.01
616,50
616.5,49.98
617,49.97
617.5,49.99
618,50.02
618.5,50.03
619,50.03
619.5,50.02
620,50.02
620.5,50.03
621,50.03
621.5,50.05
622,50.05
622.5,50.08
623,50.08
623.5,50.07
624,50.07
624.5,50.06
625,50.05
625.5,50.03
626,50.01
626.5,50
627,50.01
627.5,50.01
628,50.01
628.5,50.01
629,50
629.5,50.02
630,50.02
630.5,50.01
631,50
631.5,49.99
632,49.99
632.5,49.98
633,49.97
633.5,49.95
634,49.95
634.5,49.97
635,49.95
635.5,49.95
636,49.95
636.5,49.96
637,49.95
637.5,49.95
638,49.96
638.5,49.95
639,49.96
639.5,49.97
640,49.97
640.5,49.97
641,50
641.5,50.03
642,50.04
642.5,50.03
643,50.05
643.5,50.06
644,50.07
644.5,50.08
645,50.08
645.5,50.08
646,50.08
646.5,50.09
647,50.09
647.5,50.1
648,50.1
648.5,50.1
649,50.11
649.5,50.09
650,50.09
650.5,50.08
651,50.08
651.5,50.06
652,50.06
652.5,50.06
653,50.07
653.5,50.07
654,50.06
654.5,50.05
655,50.05
655.5,50.03
656,50.01
656.5,49.99
657,49.99
657.5,49.99
658,49.98
658.5,49.98
659,49.98
659.5,49.99
660,50.01
660.5,50.03
661,50.04
661.5,50.06
662,50.06
662.5,50.06
663,50.05
663.5,50.04
664,50.05
664.5,50.07
665,50.08
665.5,50.08
666,50.09
666.5,50.09
667,50.07
667.5,50.06
668,50.05
668.5,50.04
669,50.04
669.5,50.02
670,50
670.5,49.98
671,49.97
671.5,49.97
672,49.97
672.5,49.96
673,49.95
673.5,49.94
674,49.95
674.5,49.97
675,49.99
675.5,50
676,50
676.5,50
677,50.02
677.5,50.02
678,50.02
678.5,50.03
679,50.03
679.5,50.03
680,50.02
680.5,50.03
681,50.03
681.5,50.04
682,50.04
682.5,50.03
683,50.01
683.5,50.01
684,50
684.5,49.99
685,49.99
685.5,49.99
686,50
686.5,50.01
687,50.04
687.5,50.06
688,50.06
688.5,50.06
689,50.07
689.5,50.08
690,50.07
690.5,50.07
691,50.08
691.5,50.08
692,50.08
692.5,50.08
693,50.09
693.5,50.1
694,50.09
694.5,50.09
695,50.1
695.5,50.11
696,50.11
696.5,50.11
697,50.11
697.5,50.12
698,50.11
698.5,50.1
699,50.09
699.5,50.07
700,50.06
700.5,50.04
701,50.01
701.5,50.01
702,50
702.5,50
703,49.99
703.5,49.99
704,49.99
704.5,49.98
705,49.97
705.5,49.98
706,49.99
706.5,49.99
707,49.98
707.5,49.98
708,49.98
708.5,49.99
709,49.99
709.5,50.01
710,49.99
710.5,49.98
711,49.97
711.5,49.99
712,50
712.5,50.01
713,50.01
713.5,50.03
714,50.03
714.5,50.03
715,50.04
715.5,50.05
716,50.05
716.5,50.05
717,50.06
717.5,50.05
718,50.05
718.5,50.07
719,50.08
719.5,50.09
720,50.09
720.5,50.09
721,50.09
721.5,50.1
722,50.1
722.5,50.1
723,50.08
723.5,50.08
724,50.08
724.5,50.07
725,50.05
725.5,50.04
726,50.04
726.5,50.04
727,50.04
727.5,50.03
728,50.03
728.5,50.03
729,50.02
729.5,50
730,49.99
730.5,50.01
731,50.02
731.5,50.04
732,50.05
732.5,50.05
733,50.05
733.5,50.05
734,50.06
734.5,50.05
735,50.05
735.5,50.05
736,50.07
736.5,50.09
737,50.1
737.5,50.11
738,50.12
738.5,50.12
739,50.12
739.5,50.12
740,50.14
740.5,50.13
741,50.11
741.5,50.1
742,50.11
742.5,50.12
743,50.11
743.5,50.09
744,50.08
744.5,50.08
745,50.08
745.5,50.08
746,50.08
746.5,50.07
747,50.07
747.5,50.06
748,50.07
748.5,50.07
749,50.08
749.5,50.11
750,50.11
750.5,50.12
751,50.11
751.5,50.11
752,50.14
752.5,50.13
753,50.12
753.5,50.13
754,50.14
754.5,50.14
755,50.13
755.5,50.13
756,50.13
756.5,50.12
757,50.11
757.5,50.1
758,50.08
758.5,50.09
759,50.09
759.5,50.08
760,50.07
760.5,50.06
761,50.06
761.5,50.07
762,50.09
762.5,50.11
763,50.12
763.5,50.12
764,50.13
764.5,50.13
765,50.12
765.5,50.11
766,50.11
766.5,50.11
767,50.12
767.5,50.12
768,50.12
768.5,50.13
769,50.13
769.5,50.13
770,50.13
770.5,50.12
771,50.11
771.5,50.1
772,50.09
772.5,50.08
773,50.07
773.5,50.07
774,50.07
774.5,50.07
775,50.08
775.5,50.07
776,50.07
776.5,50.1
777,50.12
777.5,50.12
778,50.13
778.5,50.15
779,50.16
779.5,50.17
780,50.18
780.5,50.19
781,50.21
781.5,50.22
782,50.22
782.5,50.23
783,50.23
783.5,50.23
784,50.22
784.5,50.23
785,50.22
785.5,50.22
786,50.22
786.5,50.2
787,50.19
787.5,50.19
788,50.19
788.5,50.19
789,50.16
789.5,50.14
790,50.14
790.5,50.14
791,50.11
791.5,50.08
792,50.07
792.5,50.06
793,50.06
793.5,50.07
794,50.05
794.5,50.03
795,50.03
795.5,50.03
796,50.02
796.5,50.01
797,50.01
797.5,50.01
798,49.99
798.5,49.99
799,50
799.5,50.02
800,50.03
800.5,50.03
801,50.03
801.5,50.05
802,50.05
802.5,50.03
803,50.02
803.5,50.02
804,50.03
804.5,50.03
805,50.03
805.5,50.02
806,50
806.5,50
807,49.99
807.5,49.97
808,49.95
808.5,49.93
809,49.93
809.5,49.93
810,49.93
810.5,49.92
811,49.92
811.5,49.91
812,49.9
812.5,49.9
813,49.91
813.5,49.91
814,49.92
814.5,49.92
815,49.94
815.5,49.94
816,49.95
816.5,49.95
817,49.94
817.5,49.95
818,49.94
818.5,49.93
819,49.94
819.5,49.94
820,49.94
820.5,49.95
821,49.94
821.5,49.95
822,49.97
822.5,50
823,50.01
823.5,50.03
824,50.05
824.5,50.06
825,50.06
825.5,50.06
826,50.05
826.5,50.03
827,50.02
827.5,50.01
828,50.01
828.5,50
829,50
829.5,50.01
830,50.01
830.5,50.01
831,50.01
831.5,50.02
832,50.01
832.5,50.03
833,50.04
833.5,50.05
834,50.04
834.5,50.03
835,50.04
835.5,50.05
836,50.06
836.5,50.07
837,50.08
837.5,50.08
838,50.09
838.5,50.09
839,50.09
839.5,50.08
840,50.09
840.5,50.08
841,50.09
841.5,50.1
842,50.11
842.5,50.11
843,50.11
843.5,50.11
844,50.11
844.5,50.1
845,50.08
845.5,50.08
846,50.08
846.5,50.06
847,50.05
847.5,50.04
848,50.02
848.5,50.01
849,50
849.5,49.99
850,49.97
850.5,49.97
851,49.95
851.5,49.93
852,49.94
852.5,49.93
853,49.92
853.5,49.92
854,49.91
854.5,49.91
855,49.9
855.5,49.87
856,49.84
856.5,49.83
857,49.82
857.5,49.83
858,49.84
858.5,49.83
859,49.83
859.5,49.82
860,49.83
860.5,49.85
861,49.85
861.5,49.82
862,49.81
862.5,49.81
863,49.81
863.5,49.81
864,49.8
864.5,49.8
865,49.8
865.5,49.81
866,49.82
866.5,49.82
867,49.83
867.5,49.84
868,49.86
868.5,49.89
869,49.9
869.5,49.9
870,49.91
870.5,49.93
871,49.93
871.5,49.92
872,49.9
872.5,49.88
873,49.86
873.5,49.86
874,49.85
874.5,49.84
875,49.86
875.5,49.88
876,49.89
876.5,49.88
877,49.89
877.5,49.9
878,49.9
878.5,49.89
879,49.88
879.5,49.87
880,49.87
880.5,49.88
881,49.89
881.5,49.89
882,49.89
882.5,49.9
883,49.91
883.5,49.91
884,49.92
884.5,49.93
885,49.94
885.5,49.94
886,49.94
886.5,49.93
887,49.91
887.5,49.89
888,49.88
888.5,49.87
889,49.88
889.5,49.88
890,49.88
890.5,49.88
891,49.87
891.5,49.86
892,49.86
892.5,49.88
893,49.9
893.5,49.91
894,49.92
894.5,49.91
895,49.89
895.5,49.89
896,49.91
896.5,49.95
897,49.99
897.5,50.02
898,50.03
898.5,50.05
899,50.05
899.5,50.05
900,50.05
900.5,50.05
901,50.04
901.5,50.03
902,50.02
902.5,50.01
903,50.01
903.5,50.03
904,50.05
904.5,50.04
905,50.03
905.5,50.02
906,50.01
906.5,50
907,49.99
907.5,49.99
908,49.99
908.5,50
909,50.01
909.5,50
910,49.98
910.5,49.96
911,49.96
911.5,49.97
912,49.96
912.5,49.96
913,49.96
913.5,49.96
914,49.97
914.5,49.97
915,49.99
915.5,49.99
916,49.99
916.5,49.98
917,49.98
917.5,49.98
918,49.98
918.5,49.98
919,49.98
919.5,49.99
920,49.99
920.5,49.99
921,49.99
921.5,50.01
922,50
922.5,50
923,50
923.5,49.99
924,50.01
924.5,50.02
925,50.04
925.5,50.05
926,50.05
926.5,50.05
927,50.05
927.5,50.04
928,50.04
928.5,50.05
929,50.06
929.5,50.07
930,50.08
930.5,50.09
931,50.07
931.5,50.05
932,50.04
932.5,50.04
933,50.03
933.5,50.04
934,50.05
934.5,50.06
935,50.05
935.5,50.04
936,50.04
936.5,50.04
937,50.03
937.5,50.03
938,50.03
938.5,50.04
939,50.03
939.5,50.03
940,50.05
940.5,50.07
941,50.08
941.5,50.09
942,50.1
942.5,50.09
943,50.08
943.5,50.08
944,50.08
944.5,50.07
945,50.07
945.5,50.07
946,50.07
946.5,50.07
947,50.08
947.5,50.08
948,50.08
948.5,50.09
949,50.08
949.5,50.07
950,50.06
950.5,50.08
951,50.09
951.5,50.09
952,50.1
952.5,50.11
953,50.1
953.5,50.08
954,50.06
954.5,50.06
955,50.06
955.5,50.04
956,50.04
956.5,50.05
957,50.05
957.5,50.05
958,50.05
958.5,50.03
959,50.04
959.5,50.04
960,50.06
960.5,50.07
961,50.06
961.5,50.05
962,50.05
962.5,50.05
963,50.05
963.5,50.05
964,50.07
964.5,50.09
965,50.1
965.5,50.1
966,50.09
966.5,50.08
967,50.07
967.5,50.06
968,50.05
968.5,50.04
969,50.04
969.5,50.04
970,50.05
970.5,50.06
971,50.05
971.5,50.03
972,50.03
972.5,50.04
973,50.04
973.5,50.05
974,50.04
974.5,50.03
975,50.02
975.5,50.01
976,50.02
976.5,50.03
977,50.03
977.5,50.02
978,50.03
978.5,50.03
979,50.01
979.5,49.99
980,50
980.5,50.01
981,50.01
981.5,50.01
982,50.01
982.5,50.01
983,50.01
983.5,50.01
984,50
984.5,50
985,50.01
985.5,50.03
986,50.04
986.5,50.04
987,50.04
987.5,50.03
988,50.01
988.5,50
989,49.98
989.5,49.97
990,49.98
990.5,49.98
991,49.97
991.5,49.96
992,49.96
992.5,49.96
993,49.97
993.5,49.96
994,49.94
994.5,49.94
995,49.94
995.5,49.94
996,49.93
996.5,49.93
997,49.93
997.5,49.91
998,49.89
998.5,49.9
999,49.89
999.5,49.88
1000,49.86
1000.5,49.86
1001,49.86
1001.5,49.86
1002,49.85
1002.5,49.86
1003,49.86
1003.5,49.87
1004,49.86
1004.5,49.86
1005,49.88
1005.5,49.89
1006,49.9
1006.5,49.91
1007,49.9
1007.5,49.91
1008,49.9
1008.5,49.89
1009,49.87
1009.5,49.86
1010,49.87
1010.5,49.86
1011,49.84
1011.5,49.84
1012,49.85
1012.5,49.85
1013,49.87
1013.5,49.89
1014,49.9
1014.5,49.91
1015,49.92
1015.5,49.94
1016,49.95
1016.5,49.97
1017,49.98
1017.5,49.98
1018,49.99
1018.5,50.01
1019,50.01
1019.5,50.03
1020,50.05
1020.5,50.07
1021,50.08
1021.5,50.08
1022,50.08
1022.5,50.06
1023,50.05
1023.5,50.05
1024,50.04
1024.5,50.04
1025,50.04
1025.5,50.03
1026,50.02
1026.5,49.99
1027,49.99
1027.5,50.01
1028,50
1028.5,49.99
1029,50
1029.5,50.01
1030,50.02
1030.5,50.02
1031,50.02
1031.5,50.02
1032,50.01
1032.5,49.99
1033,49.98
1033.5,49.97
1034,49.98
1034.5,49.99
1035,49.96
1035.5,49.96
1036,49.98
1036.5,49.98
1037,49.98
1037.5,49.98
1038,49.99
1038.5,50
1039,49.98
1039.5,49.95
1040,49.96
1040.5,49.98
1041,49.99
1041.5,49.99
1042,49.98
1042.5,49.97
1043,49.98
1043.5,50
1044,50
1044.5,49.97
1045,49.98
1045.5,50.02
1046,50
1046.5,49.99
1047,49.98
1047.5,49.99
1048,50
1048.5,49.99
1049,49.97
1049.5,49.97
1050,49.99
1050.5,50
1051,50
1051.5,50
1052,50
1052.5,49.99
1053,49.97
1053.5,49.95
1054,49.94
1054.5,49.96
1055,49.95
1055.5,49.94
1056,49.94
1056.5,49.95
1057,49.94
1057.5,49.95
1058,49.98
1058.5,50.01
1059,50.01
1059.5,49.99
1060,49.98
1060.5,49.96
1061,49.97
1061.5,49.95
1062,49.94
1062.5,49.93
1063,49.94
1063.5,49.95
1064,49.95
1064.5,49.95
1065,49.95
1065.5,49.96
1066,49.95
1066.5,49.95
1067,49.95
1067.5,49.95
1068,49.94
1068.5,49.93
1069,49.91
1069.5,49.91
1070,49.91
1070.5,49.94
1071,49.96
1071.5,49.96
1072,49.94
1072.5,49.95
1073,49.95
1073.5,49.92
1074,49.91
1074.5,49.92
1075,49.91
1075.5,49.93
1076,49.94
1076.5,49.95
1077,49.95
1077.5,49.95
1078,49.94
1078.5,49.94
1079,49.95
1079.5,49.96
1080,49.96
1080.5,49.98
1081,50
1081.5,49.99
1082,50.01
1082.5,50.04
1083,50.03
1083.5,50.03
1084,50.03
1084.5,50.01
1085,49.99
1085.5,49.97
1086,49.97
1086.5,49.96
1087,49.95
1087.5,49.94
1088,49.92
1088.5,49.91
1089,49.9
1089.5,49.9
1090,49.88
1090.5,49.86
1091,49.86
1091.5,49.85
1092,49.82
1092.5,49.82
1093,49.82
1093.5,49.81
1094,49.82
1094.5,49.84
1095,49.85
1095.5,49.86
1096,49.86
1096.5,49.86
1097,49.86
1097.5,49.83
1098,49.82
1098.5,49.81
1099,49.81
1099.5,49.81
1100,49.8
1100.5,49.79
1101,49.78
1101.5,49.78
1102,49.78
1102.5,49.79
1103,49.8
1103.5,49.8
1104,49.81
1104.5,49.82
1105,49.81
1105.5,49.8
1106,49.79
1106.5,49.81
1107,49.82
1107.5,49.85
1108,49.88
1108.5,49.89
1109,49.9
1109.5,49.92
1110,49.92
1110.5,49.92
1111,49.92
1111.5,49.92
1112,49.91
1112.5,49.91
1113,49.9
1113.5,49.88
1114,49.87
1114.5,49.86
1115,49.85
1115.5,49.83
1116,49.82
1116.5,49.85
1117,49.86
1117.5,49.86
1118,49.87
1118.5,49.87
1119,49.86
1119.5,49.86
1120,49.89
1120.5,49.9
1121,49.9
1121.5,49.9
1122,49.92
1122.5,49.93
1123,49.94
1123.5,49.95
1124,49.95
1124.5,49.96
1125,49.96
1125.5,49.97
1126,50.01
1126.5,50.03
1127,50.04
1127.5,50.02
1128,50.01
1128.5,50.02
1129,50.01
1129.5,50
1130,49.99
1130.5,49.99
1131,49.98
1131.5,49.98
1132,49.97
1132.5,49.96
1133,49.96
1133.5,49.96
1134,49.96
1134.5,49.96
1135,49.94
1135.5,49.93
1136,49.94
1136.5,49.94
1137,49.94
1137.5,49.97
1138,50
1138.5,50.01
1139,50.01
1139.5,50.02
1140,50.05
1140.5,50.07
1141,50.08
1141.5,50.07
1142,50.09
1142.5,50.1
1143,50.1
1143.5,50.1
1144,50.11
1144.5,50.09
1145,50.07
1145.5,50.05
1146,50.05
1146.5,50.04
1147,50.02
1147.5,50.01
1148,49.99
1148.5,49.96
1149,49.95
1149.5,49.94
1150,49.94
1150.5,49.94
1151,49.93
1151.5,49.93
1152,49.93
1152.5,49.94
1153,49.95
1153.5,49.95
1154,49.94
1154.5,49.94
1155,49.95
1155.5,49.95
1156,49.96
1156.5,49.96
1157,49.94
1157.5,49.93
1158,49.93
1158.5,49.91
1159,49.91
1159.5,49.94
1160,49.97
1160.5,49.98
1161,49.98
1161.5,49.98
1162,49.99
1162.5,50
1163,50
1163.5,50
1164,50.01
1164.5,50.02
1165,50.01
1165.5,50
1166,49.99
1166.5,49.98
1167,49.97
1167.5,49.97
1168,49.95
1168.5,49.94
1169,49.95
1169.5,49.97
1170,49.97
1170.5,49.95
1171,49.96
1171.5,49.99
1172,50.01
1172.5,49.99
1173,49.96
1173.5,49.94
1174,49.94
1174.5,49.94
1175,49.93
1175.5,49.92
1176,49.89
1176.5,49.87
1177,49.87
1177.5,49.88
1178,49.89
1178.5,49.89
1179,49.88
1179.5,49.87
1180,49.85
1180.5,49.85
1181,49.84
1181.5,49.84
1182,49.84
1182.5,49.85
1183,49.84
1183.5,49.82
1184,49.81
1184.5,49.81
1185,49.81
1185.5,49.81
1186,49.81
1186.5,49.83
1187,49.83
1187.5,49.82
1188,49.82
1188.5,49.82
1189,49.81
1189.5,49.82
1190,49.84
1190.5,49.84
1191,49.82
1191.5,49.81
1192,49.81
1192.5,49.81
1193,49.81
1193.5,49.8
1194,49.78
1194.5,49.78
1195,49.8
1195.5,49.82
1196,49.84
1196.5,49.84
1197,49.84
1197.5,49.86
1198,49.86
1198.5,49.85
1199,49.86
1199.5,49.89
1200,49.9
1200.5,49.91
1201,49.93
1201.5,49.96
1202,49.99
1202.5,50.01
1203,50.01
1203.5,50
1204,50
1204.5,50.01
1205,50.01
1205.5,50
1206,49.98
1206.5,49.97
1207,49.97
1207.5,49.98
1208,49.98
1208.5,49.96
1209,49.95
1209.5,49.95
1210,49.93
1210.5,49.92
1211,49.92
1211.5,49.91
1212,49.9
1212.5,49.89
1213,49.89
1213.5,49.89
1214,49.88
1214.5,49.86
1215,49.86
1215.5,49.86
1216,49.86
1216.5,49.85
1217,49.84
1217.5,49.83
1218,49.82
1218.5,49.8
1219,49.78
1219.5,49.77
1220,49.76
1220.5,49.76
1221,49.74
1221.5,49.75
1222,49.77
1222.5,49.77
1223,49.77
1223.5,49.77
1224,49.78
1224.5,49.77
1225,49.77
1225.5,49.77
1226,49.77
1226.5,49.77
1227,49.78
1227.5,49.79
1228,49.81
1228.5,49.82
1229,49.83
1229.5,49.83
1230,49.83
1230.5,49.82
1231,49.82
1231.5,49.82
1232,49.83
1232.5,49.85
1233,49.87
1233.5,49.87
1234,49.85
1234.5,49.84
1235,49.84
1235.5,49.84
1236,49.83
1236.5,49.82
1237,49.82
1237.5,49.83
1238,49.86
1238.5,49.88
1239,49.88
1239.5,49.87
1240,49.87
1240.5,49.87
1241,49.86
1241.5,49.85
1242,49.85
1242.5,49.85
1243,49.86
1243.5,49.86
1244,49.85
1244.5,49.84
1245,49.84
1245.5,49.85
1246,49.87
1246.5,49.88
1247,49.87
1247.5,49.87
1248,49.88
1248.5,49.88
1249,49.87
1249.5,49.88
1250,49.91
1250.5,49.92
1251,49.92
1251.5,49.92
1252,49.93
1252.5,49.94
1253,49.95
1253.5,49.96
1254,49.96
1254.5,49.98
1255,49.97
1255.5,49.96
1256,49.95
1256.5,49.94
1257,49.93
1257.5,49.93
1258,49.92
1258.5,49.9
1259,49.89
1259.5,49.87
1260,49.86
1260.5,49.88
1261,49.88
1261.5,49.89
1262,49.89
1262.5,49.87
1263,49.84
1263.5,49.83
1264,49.84
1264.5,49.84
1265,49.83
1265.5,49.8
1266,49.79
1266.5,49.79
1267,49.78
1267.5,49.76
1268,49.75
1268.5,49.75
1269,49.73
1269.5,49.72
1270,49.72
1270.5,49.73
1271,49.74
1271.5,49.75
1272,49.76
1272.5,49.78
1273,49.79
1273.5,49.8
1274,49.82
1274.5,49.83
1275,49.84
1275.5,49.84
1276,49.85
1276.5,49.87
1277,49.88
1277.5,49.89
1278,49.9
1278.5,49.91
1279,49.91
1279.5,49.9
1280,49.9
1280.5,49.89
1281,49.89
1281.5,49.91
1282,49.92
1282.5,49.93
1283,49.92
1283.5,49.9
1284,49.89
1284.5,49.88
1285,49.89
1285.5,49.92
1286,49.94
1286.5,49.94
1287,49.96
1287.5,49.97
1288,49.98
1288.5,49.98
1289,49.98
1289.5,49.99
1290,49.99
1290.5,49.98
1291,49.97
1291.5,49.96
1292,49.97
1292.5,49.98
1293,49.97
1293.5,49.95
1294,49.94
1294.5,49.94
1295,49.93
1295.5,49.93
1296,49.94
1296.5,49.96
1297,49.97
1297.5,49.94
1298,49.93
1298.5,49.94
1299,49.94
1299.5,49.93
1300,49.91
1300.5,49.9
1301,49.89
1301.5,49.88
1302,49.88
1302.5,49.87
1303,49.87
1303.5,49.88
1304,49.88
1304.5,49.88
1305,49.87
1305.5,49.86
1306,49.86
1306.5,49.86
1307,49.86
1307.5,49.86
1308,49.87
1308.5,49.89
1309,49.92
1309.5,49.92
1310,49.93
1310.5,49.94
1311,49.93
1311.5,49.94
1312,49.94
1312.5,49.95
1313,49.96
1313.5,49.96
1314,49.97
1314.5,49.97
1315,49.99
1315.5,50
1316,50.02
1316.5,50.03
1317,50.02
1317.5,50.01
1318,50.02
1318.5,50.03
1319,50.02
1319.5,50.02
1320,50.04
1320.5,50.07
1321,50.08
1321.5,50.07
1322,50.05
1322.5,50.03
1323,50.01
1323.5,50
1324,50
1324.5,49.98
1325,49.96
1325.5,49.95
1326,49.94
1326.5,49.94
1327,49.93
1327.5,49.91
1328,49.9
1328.5,49.89
1329,49.87
1329.5,49.85
1330,49.83
1330.5,49.83
1331,49.82
1331.5,49.81
1332,49.8
1332.5,49.78
1333,49.76
1333.5,49.74
1334,49.73
1334.5,49.71
1335,49.69
1335.5,49.7
1336,49.7
1336.5,49.7
1337,49.71
1337.5,49.7
1338,49.69
1338.5,49.71
1339,49.73
1339.5,49.73
1340,49.74
1340.5,49.74
1341,49.74
1341.5,49.74
1342,49.74
1342.5,49.73
1343,49.75
1343.5,49.78
1344,49.79
1344.5,49.81
1345,49.83
1345.5,49.85
1346,49.85
1346.5,49.86
1347,49.87
1347.5,49.88
1348,49.91
1348.5,49.93
1349,49.94
1349.5,49.93
1350,49.93
1350.5,49.92
1351,49.92
1351.5,49.91
1352,49.91
1352.5,49.89
1353,49.89
1353.5,49.89
1354,49.88
1354.5,49.88
1355,49.87
1355.5,49.85
1356,49.84
1356.5,49.84
1357,49.86
1357.5,49.85
1358,49.85
1358.5,49.86
1359,49.85
1359.5,49.86
1360,49.88
1360.5,49.91
1361,49.93
1361.5,49.93
1362,49.94
1362.5,49.95
1363,49.96
1363.5,49.97
1364,49.97
1364.5,49.96
1365,49.95
1365.5,49.95
1366,49.96
1366.5,49.97
1367,49.97
1367.5,49.98
1368,49.98
1368.5,49.97
1369,49.96
1369.5,49.97
1370,49.97
1370.5,49.97
1371,49.96
1371.5,49.96
1372,49.96
1372.5,49.96
1373,49.97
1373.5,49.97
1374,49.95
1374.5,49.93
1375,49.93
1375.5,49.94
1376,49.94
1376.5,49.94
1377,49.94
1377.5,49.95
1378,49.94
1378.5,49.95
1379,49.96
1379.5,49.96
1380,49.96
1380.5,49.97
1381,49.98
1381.5,49.98
1382,49.98
1382.5,49.98
1383,49.98
1383.5,49.99
1384,50.01
1384.5,50
1385,49.99
1385.5,50
1386,50.01
1386.5,50.02
1387,50.02
1387.5,50.01
1388,49.99
1388.5,50
1389,50
1389.5,49.99
1390,49.99
1390.5,49.98
1391,49.98
1391.5,49.97
1392,49.97
1392.5,49.97
1393,49.98
1393.5,49.96
1394,49.95
1394.5,49.95
1395,49.94
1395.5,49.92
1396,49.88
1396.5,49.87
1397,49.86
1397.5,49.86
1398,49.85
1398.5,49.85
1399,49.84
1399.5,49.85
1400,49.86
1400.5,49.87
1401,49.87
1401.5,49.86
1402,49.85
1402.5,49.86
1403,49.89
1403.5,49.9
1404,49.9
1404.5,49.91
1405,49.9
1405.5,49.9
1406,49.91
1406.5,49.91
1407,49.92
1407.5,49.91
1408,49.91
1408.5,49.92
1409,49.94
1409.5,49.94
1410,49.96
1410.5,49.97
1411,49.98
1411.5,49.98
1412,49.97
1412.5,49.96
1413,49.96
1413.5,49.97
1414,49.97
1414.5,49.97
1415,49.97
1415.5,49.97
1416,49.96
1416.5,49.94
1417,49.93
1417.5,49.93
1418,49.92
1418.5,49.93
1419,49.93
1419.5,49.92
1420,49.89
1420.5,49.87
1421,49.87
1421.5,49.88
1422,49.89
1422.5,49.89
1423,49.9
1423.5,49.9
1424,49.91
1424.5,49.91
1425,49.92
1425.5,49.93
1426,49.93
1426.5,49.94
1427,49.94
1427.5,49.96
1428,50
1428.5,50.02
1429,50.03
1429.5,50.03
1430,50.04
1430.5,50.05
1431,50.06
1431.5,50.06
1432,50.06
1432.5,50.05
1433,50.04
1433.5,50.04
1434,50.03
1434.5,50.02
1435,50.04
1435.5,50.03
1436,50.04
1436.5,50.03
1437,50.03
