1
0.778651746832313
0.66997317339507
0.566099158219505
0.462447307117378
0.37622385972574
0.285384152297335
0.221077287738336
0.168802928816168
0.126908893733915
0.111875495880952
0.0925365244867844
0.0932583003248071
0.0955645826527092
0.107439427737151
0.122837041444891
0.0904756773606825
0.062446145126198
0.038250289135842
0.0171090341487258
0.0102000195301092
-0.00734037762100924
-0.00417947396941043
0.00100952963234612
0.00813429929266138
0.0308586009455318
0.0439666606862645
0.0716170705734225
0.0970307680871047
0.122412570655215
0.148956875376867
0.117546751804462
0.0931304050318717
0.0636555719566771
0.0332542419816256
0.0146499910841046
-0.0121083410653176
-0.0243826344927431
-0.0325878646461135
-0.0361978766767687
-0.0222505660317746
-0.0186901229237805
0.00353809786575942
0.0249594127143474
0.0467666951875818
0.0760804657083532
0.0587811062194755
0.0473846848567029
0.0411547585951053
0.0360460709735026
0.0482272788474217
0.0537275505553311
0.0767794337207497
0.105928061791316
0.143772967028226
0.196826520292563
0.242455408756464
0.297408311201807
0.350461012156612
0.396553915056005
0.437645359841318
