1
-0.173604510864038
0.0896879159365173
0.210424580097178
0.0760023200038275
0.101717768905859
0.11465932708832
0.0855053334901462
0.0930472612745145
0.102764044242828
0.0894902577362246
0.0852501663816631
0.103341187847545
0.076381995029761
0.0786007178642191
0.106068894302258
0.0832889076391948
0.0850461987007632
0.0842302573481512
0.0749642563522275
0.103764462088347
0.0803000945563773
0.0740031260025598
0.0747304623409187
0.0949670712564233
0.0847103590120397
0.0656024738244689
0.0972682849556521
0.0739094380987628
0.0577674304308145
0.122673200047896
0.0614304167520186
0.0671992467972146
0.089056214159808
0.0669164665890449
0.0766766805048567
0.083918159321018
0.0691048604992287
0.0603032151457742
0.0770508818714704
0.0934335211515726
0.0591420933810822
0.0714478419479084
0.0697175768510046
0.0637515596378921
0.0894090970089539
0.0644901448490943
0.0566539128758987
0.0802297052976174
0.0619600437396666
0.0688399888091435
0.0805494303259524
0.0644523887275718
0.0534640472546187
0.0853763726919377
0.0705642187090236
0.056263424677929
0.0960801773560808
0.0476333943072396
0.0417738432005163
0.146609056319051
