1
0.898458846989568
0.802691899814532
0.701354776183589
0.606824429881273
0.524778393364553
0.454300786201955
0.397154007657834
0.352377189311089
0.317975444527875
0.289420598008846
0.264478019028042
0.24500381087354
0.226111961454849
0.210505299500404
0.195874000375002
0.182376009245903
0.170171187158857
0.15972187691418
0.150772662033863
0.144894030065573
0.138276421901271
0.13297093565717
0.129071356294799
0.128419896165649
0.131338537196187
0.135844047563237
0.142035552371708
0.150034150465246
0.157134484188516
0.161348718774731
0.153231286790662
0.142094635984794
0.130532364901249
0.117288752424252
0.105668759836818
0.0969987642742597
0.0917961498664665
0.0909591046008396
0.0921921164028328
0.0937676072514162
0.0936629315310855
0.0956345526811073
0.0956835792583926
0.096150602542743
0.095713937105422
0.0929496840456284
0.0896738541728192
0.0859774297579546
0.0813013376271215
0.079850447533909
0.0785945077705607
0.0778385361429441
0.0768085158737663
0.0779814726402835
0.0815698002129611
0.0879283522466123
0.0975447925783561
0.10801425176135
0.118122040644328
0.124182635615463
