time,frequency
0,50
0.5,49.98
1,49.95
1.5,49.93
2,49.93
2.5,49.92
3,49.91
3.5,49.9
4,49.88
4.5,49.88
5,49.87
5.5,49.84
6,49.82
6.5,49.82
7,49.82
7.5,49.84
8,49.84
8.5,49.84
9,49.84
9.5,49.85
10,49.85
10.5,49.86
11,49.88
11.5,49.88
12,49.9
12.5,49.91
13,49.9
13.5,49.91
14,49.91
14.5,49.91
15,49.93
15.5,49.94
16,49.93
16.5,49.9
17,49.91
17.5,49.91
18,49.92
18.5,49.92
19,49.92
19.5,49.93
20,49.94
20.5,49.95
21,49.97
21.5,49.97
22,49.97
22.5,49.99
23,50
23.5,50.01
24,50.02
24.5,50.02
25,50.03
25.5,50.01
26,50.01
26.5,50.02
27,50.02
27.5,50.04
28,50.05
28.5,50.07
29,50.07
29.5,50.07
30,50.07
30.5,50.06
31,50.07
31.5,50.06
32,50.05
32.5,50.04
33,50.03
33.5,50.02
34,50.02
34.5,50
35,50
35.5,49.99
36,49.98
36.5,49.97
37,49.99
37.5,50
38,50.01
38.5,50.01
39,50.02
39.5,50.03
40,50.03
40.5,50.02
41,50.02
41.5,50.02
42,50.01
42.5,50
43,50
43.5,50.02
44,50.05
44.5,50.06
45,50.07
45.5,50.05
46,50.06
46.5,50.06
47,50.07
47.5,50.08
48,50.07
48.5,50.07
49,50.06
49.5,50.04
50,50.03
50.5,50.03
51,50.02
51.5,50.03
52,50.02
52.5,49.99
53,50
53.5,50
54,50.01
54.5,50.01
55,50.01
55.5,50.03
56,50.04
56.5,50.06
57,50.04
57.5,50.05
58,50.05
58.5,50.06
59,50.06
59.5,50.07
60,50.06
60.5,50.06
61,50.05
61.5,50.06
62,50.06
62.5,50.06
63,50.06
63.5,50.06
64,50.05
64.5,50.05
65,50.02
65.5,50
66,50.01
66.5,50.02
67,50.02
67.5,49.99
68,49.98
68.5,49.98
69,49.96
69.5,49.96
70,49.96
70.5,49.97
71,49.98
71.5,49.96
72,49.96
72.5,49.97
73,49.97
73.5,49.98
74,49.99
74.5,49.99
75,50
75.5,50
76,50
76.5,50.01
77,50.01
77.5,50.03
78,50.03
78.5,50.03
79,50.01
79.5,50.01
80,50.02
80.5,50.03
81,50.02
81.5,50.03
82,50.02
82.5,50.03
83,50.04
83.5,50.02
84,50.02
84.5,50.01
85,50.01
85.5,50.02
86,50.01
86.5,50.02
87,50.01
87.5,50.02
88,50.02
88.5,50.01
89,50.01
89.5,50
90,49.98
90.5,50
91,50.01
91.5,50.02
92,50.02
92.5,50.01
93,50.01
93.5,50
94,50.01
94.5,50.01
95,50.01
95.5,50.01
96,50
96.5,50
97,49.99
97.5,49.99
98,49.99
98.5,50
99,50.01
99.5,50
100,50.02
100.5,50.02
101,50.03
101.5,50.03
102,50.05
102.5,50.06
103,50.06
103.5,50.06
104,50.06
104.5,50.06
105,50.04
105.5,50.03
106,50.04
106.5,50.04
107,50.01
107.5,50.02
108,50.03
108.5,50.02
109,50.02
109.5,50.01
110,50.03
110.5,50.01
111,50
111.5,50.01
112,50.01
112.5,50.01
113,50.02
113.5,50.02
114,50.02
114.5,50.02
115,50.03
115.5,50.05
116,50.04
116.5,50.04
117,50.05
117.5,50.06
118,50.05
118.5,50.04
119,50.05
119.5,50.04
120,50.03
120.5,50.01
121,50.01
121.5,50.01
122,50.01
122.5,50.01
123,50.01
123.5,50.02
124,50.01
124.5,50.01
125,50
125.5,49.99
126,49.99
126.5,49.97
127,49.97
127.5,49.97
128,49.97
128.5,49.97
129,49.96
129.5,49.96
130,49.97
130.5,49.97
131,49.98
131.5,49.98
132,49.99
132.5,49.98
133,49.97
133.5,49.97
134,49.98
134.5,49.98
135,49.99
135.5,49.99
136,50
136.5,50.02
137,50.01
137.5,50.02
138,50.03
138.5,50.04
139,50.04
139.5,50.04
140,50.04
140.5,50.03
141,50.02
141.5,50.02
142,50.03
142.5,50.02
143,50.03
143.5,50.03
144,50.02
144.5,50.04
145,50.05
145.5,50.05
146,50.06
146.5,50.06
147,50.08
147.5,50.07
148,50.07
148.5,50.06
149,50.05
149.5,50.04
150,50.01
150.5,50.01
151,50.02
151.5,50.03
152,50.03
152.5,50.04
153,50.05
153.5,50.06
154,50.07
154.5,50.08
155,50.08
155.5,50.07
156,50.07
156.5,50.07
157,50.07
157.5,50.06
158,50.06
158.5,50.05
159,50.05
159.5,50.04
160,50.03
160.5,50.01
161,50.01
161.5,50.01
162,50
162.5,50
163,50
163.5,50.01
164,50.01
164.5,50.01
165,50.01
165.5,50.01
166,50.01
166.5,50.01
167,50.01
167.5,50.01
168,50.01
168.5,50
169,50
169.5,50.02
170,50.01
170.5,50.01
171,50.01
171.5,50
172,49.99
172.5,50
173,50.01
173.5,50.01
174,50
174.5,50.02
175,50.01
175.5,50
176,50.01
176.5,50.01
177,50.01
177.5,50.01
178,50
178.5,50.01
179,50
179.5,49.99
180,49.98
180.5,49.99
181,49.99
181.5,50
182,49.99
182.5,49.99
183,49.99
183.5,49.97
184,49.96
184.5,49.96
185,49.94
185.5,49.94
186,49.92
186.5,49.92
187,49.9
187.5,49.89
188,49.88
188.5,49.87
189,49.85
189.5,49.85
190,49.85
190.5,49.84
191,49.85
191.5,49.88
192,49.88
192.5,49.88
193,49.88
193.5,49.89
194,49.9
194.5,49.9
195,49.9
195.5,49.91
196,49.94
196.5,49.96
197,49.96
197.5,49.96
198,49.96
198.5,49.96
199,49.97
199.5,49.97
200,49.95
200.5,49.94
201,49.93
201.5,49.95
202,49.95
202.5,49.95
203,49.95
203.5,49.94
204,49.94
204.5,49.94
205,49.95
205.5,49.93
206,49.92
206.5,49.92
207,49.92
207.5,49.92
208,49.92
208.5,49.94
209,49.94
209.5,49.94
210,49.94
210.5,49.94
211,49.94
211.5,49.94
212,49.94
212.5,49.94
213,49.94
213.5,49.95
214,49.96
214.5,49.96
215,49.97
215.5,49.98
216,49.97
216.5,49.97
217,49.98
217.5,50
218,50
218.5,49.99
219,49.99
219.5,50
220,49.99
220.5,50
221,50.01
221.5,50.01
222,50.02
222.5,50.01
223,50.02
223.5,50.02
224,50.01
224.5,50.01
225,50.01
225.5,50.01
226,50.01
226.5,50
227,49.99
227.5,49.98
228,49.98
228.5,49.98
229,50
229.5,50
230,50
230.5,50.01
231,50
231.5,50
232,50.01
232.5,50.01
233,50.02
233.5,50.02
234,50.03
234.5,50.04
235,50.04
235.5,50.06
236,50.07
236.5,50.07
237,50.07
237.5,50.07
238,50.07
238.5,50.08
239,50.1
239.5,50.1
240,50.1
240.5,50.11
241,50.11
241.5,50.09
242,50.06
242.5,50.03
243,50.01
243.5,50
244,49.99
244.5,49.98
245,49.95
245.5,49.94
246,49.94
246.5,49.95
247,49.89
247.5,49.89
248,49.9
248.5,49.9
249,49.9
249.5,49.89
250,49.88
250.5,49.88
251,49.89
251.5,49.92
252,49.95
252.5,49.97
253,50
253.5,50.02
254,50.02
254.5,50.01
255,50.01
255.5,50.02
256,50.02
256.5,50.01
257,50.02
257.5,50.02
258,50.02
258.5,50.02
259,50.02
259.5,50.02
260,50.02
260.5,50.02
261,50.02
261.5,50.02
262,50.03
262.5,50.03
263,50.02
263.5,50.01
264,50.01
264.5,50
265,49.99
265.5,49.99
266,50.01
266.5,50
267,50
267.5,50.01
268,50.01
268.5,50.01
269,50.01
269.5,50.01
270,50.01
270.5,50.02
271,50.03
271.5,50.04
272,50.03
272.5,50.03
273,50.02
273.5,50.03
274,50.02
274.5,50.01
275,50
275.5,49.99
276,49.98
276.5,49.96
277,49.96
277.5,49.96
278,49.95
278.5,49.95
279,49.94
279.5,49.94
280,49.94
280.5,49.96
281,49.96
281.5,49.97
282,49.97
282.5,49.97
283,49.96
283.5,49.96
284,49.96
284.5,49.97
285,49.98
285.5,49.97
286,49.96
286.5,49.95
287,49.95
287.5,49.97
288,50
288.5,50.01
289,49.99
289.5,49.98
290,49.98
290.5,49.97
291,49.96
291.5,49.95
292,49.93
292.5,49.94
293,49.94
293.5,49.94
294,49.93
294.5,49.94
295,49.94
295.5,49.96
296,49.96
296.5,49.96
297,49.95
297.5,49.95
298,49.95
298.5,49.96
299,49.98
299.5,49.99
300,50
300.5,50
301,50.02
301.5,50.03
302,50.02
302.5,50.02
303,50.01
303.5,49.98
304,49.96
304.5,49.95
305,49.93
305.5,49.92
306,49.91
306.5,49.9
307,49.89
307.5,49.89
308,49.88
308.5,49.88
309,49.87
309.5,49.86
310,49.85
310.5,49.86
311,49.88
311.5,49.9
312,49.91
312.5,49.93
313,49.93
313.5,49.94
314,49.95
314.5,49.96
315,50
315.5,50.01
316,50.01
316.5,50
317,50.01
317.5,50.01
318,50.01
318.5,50.01
319,50
319.5,49.99
320,49.99
320.5,49.99
321,49.99
321.5,49.99
322,49.99
322.5,49.98
323,49.97
323.5,49.95
324,49.95
324.5,49.95
325,49.94
325.5,49.94
326,49.94
326.5,49.93
327,49.92
327.5,49.91
328,49.91
328.5,49.92
329,49.93
329.5,49.93
330,49.94
330.5,49.97
331,49.99
331.5,49.99
332,50
332.5,50.01
333,50.02
333.5,50.01
334,50.01
334.5,50.01
335,50.01
335.5,50
336,50.01
336.5,50.01
337,50.01
337.5,50.02
338,50.02
338.5,50.01
339,49.99
339.5,49.99
340,49.97
340.5,49.97
341,49.98
341.5,49.98
342,49.96
342.5,49.94
343,49.92
343.5,49.9
344,49.89
344.5,49.92
345,49.93
345.5,49.93
346,49.93
346.5,49.93
347,49.93
347.5,49.94
348,49.95
348.5,49.94
349,49.94
349.5,49.93
350,49.91
350.5,49.92
351,49.93
351.5,49.93
352,49.92
352.5,49.91
353,49.89
353.5,49.89
354,49.87
354.5,49.88
355,49.88
355.5,49.89
356,49.9
356.5,49.92
357,49.94
357.5,49.95
358,49.98
358.5,50.01
359,50.05
359.5,50.07
360,50.09
360.5,50.12
361,50.15
361.5,50.17
362,50.19
362.5,50.2
363,50.19
363.5,50.18
364,50.18
364.5,50.17
365,50.16
365.5,50.14
366,50.13
366.5,50.11
367,50.08
367.5,50.06
368,50.04
368.5,50.01
369,50
369.5,50
370,49.98
370.5,49.96
371,49.95
371.5,49.94
372,49.92
372.5,49.92
373,49.92
373.5,49.92
374,49.93
374.5,49.94
375,49.92
375.5,49.92
376,49.94
376.5,49.96
377,49.96
377.5,49.97
378,49.96
378.5,49.97
379,49.98
379.5,49.98
380,49.99
380.5,49.99
381,49.99
381.5,49.99
382,49.98
382.5,49.99
383,49.99
383.5,50
384,50.01
384.5,50
385,50
385.5,49.99
386,49.99
386.5,49.99
387,49.98
387.5,49.99
388,49.99
388.5,49.97
389,49.97
389.5,49.99
390,50.01
390.5,50.03
391,50.05
391.5,50.07
392,50.07
392.5,50.07
393,50.08
393.5,50.08
394,50.07
394.5,50.07
395,50.07
395.5,50.06
396,50.06
396.5,50.05
397,50.05
397.5,50.05
398,50.04
398.5,50.03
399,50.03
399.5,50.03
400,50.02
400.5,50.01
401,50.01
401.5,50
402,50.01
402.5,50.02
403,50.02
403.5,50.03
404,50.05
404.5,50.03
405,50.04
405.5,50.05
406,50.05
406.5,50.05
407,50.06
407.5,50.07
408,50.07
408.5,50.07
409,50.07
409.5,50.07
410,50.07
410.5,50.06
411,50.05
411.5,50.05
412,50.05
412.5,50.05
413,50.05
413.5,50.03
414,50.02
414.5,50.01
415,50.01
415.5,50.02
416,50.01
416.5,50.01
417,50.01
417.5,50.01
418,50.01
418.5,50.02
419,50.03
419.5,50.04
420,50.02
420.5,50.01
421,50.01
421.5,50.03
422,50.05
422.5,50.06
423,50.06
423.5,50.06
424,50.06
424.5,50.06
425,50.06
425.5,50.07
426,50.06
426.5,50.06
427,50.06
427.5,50.06
428,50.05
428.5,50.05
429,50.05
429.5,50.03
430,50.01
430.5,50
431,50.01
431.5,50.02
432,50.02
432.5,50.02
433,50.02
433.5,50.03
434,50.03
434.5,50.02
435,50.02
435.5,50.01
436,50
436.5,50.01
437,50.01
437.5,50
438,50
438.5,50.01
439,50.01
439.5,50.01
440,50.01
440.5,50.01
441,50.01
441.5,50.02
442,50.02
442.5,50.02
443,50.01
443.5,50.01
444,50.01
444.5,50.01
445,50.01
445.5,50.01
446,50.01
446.5,50.01
447,50.02
447.5,50.03
448,50.03
448.5,50.04
449,50.05
449.5,50.05
450,50.02
450.5,50.01
451,50.02
451.5,50.02
452,50.03
452.5,50.04
453,50.05
453.5,50.05
454,50.06
454.5,50.06
455,50.06
455.5,50.07
456,50.08
456.5,50.08
457,50.06
457.5,50.05
458,50.05
458.5,50.04
459,50.03
459.5,50.01
460,50
460.5,49.99
461,50
461.5,50
462,50
462.5,50
463,50
463.5,50
464,49.99
464.5,49.99
465,49.99
465.5,49.97
466,49.97
466.5,49.97
467,49.96
467.5,49.97
468,50
468.5,50.01
469,50
469.5,50.01
470,50.02
470.5,50.02
471,50.03
471.5,50.03
472,50.03
472.5,50.02
473,50.01
473.5,50.02
474,50.03
474.5,50.05
475,50.05
475.5,50.06
476,50.08
476.5,50.09
477,50.1
477.5,50.1
478,50.11
478.5,50.11
479,50.1
479.5,50.09
480,50.09
480.5,50.07
481,50.05
481.5,50.03
482,50.02
482.5,50
483,50
483.5,50
484,50
484.5,50.01
485,50.01
485.5,50.02
486,50.02
486.5,50.02
487,50.01
487.5,50.02
488,50.03
488.5,50.02
489,50.01
489.5,50
490,49.98
490.5,49.98
491,49.99
491.5,50
492,50.01
492.5,50.02
493,50.03
493.5,50.05
494,50.05
494.5,50.06
495,50.08
495.5,50.08
496,50.08
496.5,50.08
497,50.07
497.5,50.07
498,50.07
498.5,50.06
499,50.05
499.5,50.06
500,50.06
500.5,50.05
501,50.06
501.5,50.07
502,50.08
502.5,50.08
503,50.07
503.5,50.06
504,50.05
504.5,50.03
505,50.02
505.5,50.02
506,50.03
506.5,50.03
507,50.04
507.5,50.05
508,50.07
508.5,50.07
509,50.07
509.5,50.08
510,50.07
510.5,50.06
511,50.05
511.5,50.05
512,50.06
512.5,50.07
513,50.08
513.5,50.09
514,50.1
514.5,50.1
515,50.1
515.5,50.1
516,50.09
516.5,50.09
517,50.1
517.5,50.09
518,50.08
518.5,50.09
519,50.09
519.5,50.1
520,50.1
520.5,50.1
521,50.1
521.5,50.1
522,50.09
522.5,50.09
523,50.1
523.5,50.1
524,50.1
524.5,50.1
525,50.09
525.5,50.09
526,50.09
526.5,50.08
527,50.09
527.5,50.08
528,50.08
528.5,50.08
529,50.07
529.5,50.07
530,50.06
530.5,50.05
531,50.04
531.5,50.04
532,50.05
532.5,50.05
533,50.05
533.5,50.04
534,50.03
534.5,50.01
535,49.99
535.5,49.98
536,49.97
536.5,49.97
537,49.97
537.5,49.97
538,49.96
538.5,49.96
539,49.97
539.5,49.98
540,49.99
540.5,50.01
541,50.02
541.5,50.03
542,50.02
542.5,50.01
543,50
543.5,49.98
544,49.98
544.5,50
545,50.01
545.5,50.01
546,50
546.5,49.99
547,49.98
547.5,49.97
548,49.98
548.5,49.98
549,49.97
549.5,49.98
550,50.01
550.5,50.02
551,50.04
551.5,50.05
552,50.06
552.5,50.06
553,50.06
553.5,50.08
554,50.07
554.5,50.06
555,50.06
555.5,50.06
556,50.05
556.5,50.04
557,50.04
557.5,50.05
558,50.05
558.5,50.05
559,50.06
559.5,50.06
560,50.05
560.5,50.05
561,50.05
561.5,50.04
562,50.04
562.5,50.04
563,50.03
563.5,50.03
564,50.03
564.5,50.04
565,50.03
565.5,50.02
566,50.01
566.5,50.01
567,50.01
567.5,50.01
568,50
568.5,50
569,50.01
569.5,50.01
570,50.01
570.5,50
571,49.99
571.5,49.99
572,50
572.5,50
573,49.99
573.5,49.98
574,49.97
574.5,49.96
575,49.97
575.5,49.97
576,49.97
576.5,49.98
577,49.98
577.5,49.99
578,50.01
578.5,50.02
579,50.02
579.5,50.02
580,50.02
580.5,50.03
581,50.03
581.5,50.01
582,50
582.5,50
583,49.99
583.5,49.99
584,50
584.5,50
585,50.01
585.5,50
586,49.97
586.5,49.95
587,49.95
587.5,49.95
588,49.96
588.5,49.95
589,49.94
589.5,49.94
590,49.94
590.5,49.93
591,49.93
591.5,49.94
592,49.95
592.5,49.95
593,49.96
593.5,49.98
594,50
594.5,50.01
595,50.01
595.5,50.02
596,50.03
596.5,50.03
597,50.02
597.5,50.02
598,50.03
598.5,50.04
599,50.04
599.5,50.04
600,50.04
600.5,50.04
601,50.03
601.5,50.03
602,50.02
602.5,50
603,50
603.5,50
604,50
604.5,49.99
605,49.97
605.5,49.97
606,49.98
606.5,49.98
607,49.99
607.5,49.98
608,49.96
608.5,49.94
609,49.93
609.5,49.93
610,49.93
610.5,49.94
611,49.95
611.5,49.96
612,49.97
612.5,49.98
613,49.98
613.5,49.98
614,49.97
614.5,49.96
615,49.94
615.5,49.93
616,49.91
616.5,49.9
617,49.91
617.5,49.91
618,49.9
618.5,49.91
619,49.91
619.5,49.91
620,49.91
620.5,49.92
621,49.93
621.5,49.95
622,49.95
622.5,49.94
623,49.94
623.5,49.94
624,49.94
624.5,49.93
625,49.93
625.5,49.93
626,49.93
626.5,49.94
627,49.95
627.5,49.94
628,49.92
628.5,49.9
629,49.9
629.5,49.9
630,49.89
630.5,49.9
631,49.9
631.5,49.89
632,49.89
632.5,49.89
633,49.89
633.5,49.89
634,49.9
634.5,49.91
635,49.91
635.5,49.92
636,49.92
636.5,49.92
637,49.92
637.5,49.92
638,49.93
638.5,49.93
639,49.93
639.5,49.94
640,49.94
640.5,49.94
641,49.94
641.5,49.95
642,49.96
642.5,49.97
643,49.98
643.5,49.98
644,49.98
644.5,49.98
645,49.99
645.5,49.99
646,49.98
646.5,49.98
647,49.97
647.5,49.96
648,49.98
648.5,49.99
649,49.99
649.5,49.98
650,49.98
650.5,49.98
651,49.99
651.5,50
652,50
652.5,50.01
653,50
653.5,50.01
654,50.01
654.5,50.02
655,50.01
655.5,50.01
656,50.02
656.5,50.03
657,50.03
657.5,50.02
658,50.01
658.5,49.99
659,49.98
659.5,49.98
660,49.98
660.5,49.99
661,49.99
661.5,49.99
662,50
662.5,49.99
663,49.98
663.5,49.97
664,49.95
664.5,49.93
665,49.92
665.5,49.92
666,49.92
666.5,49.92
667,49.9
667.5,49.88
668,49.89
668.5,49.91
669,49.9
669.5,49.88
670,49.88
670.5,49.91
671,49.93
671.5,49.94
672,49.94
672.5,49.95
673,49.96
673.5,49.97
674,49.98
674.5,49.99
675,49.98
675.5,49.97
676,49.96
676.5,49.97
677,49.98
677.5,49.97
678,49.95
678.5,49.95
679,49.95
679.5,49.96
680,49.96
680.5,49.96
681,49.97
681.5,49.95
682,49.95
682.5,49.96
683,49.96
683.5,49.95
684,49.94
684.5,49.93
685,49.94
685.5,49.94
686,49.94
686.5,49.94
687,49.94
687.5,49.94
688,49.97
688.5,50.01
689,50.01
689.5,50.01
690,50.01
690.5,50
691,49.99
691.5,49.96
692,49.93
692.5,49.93
693,49.94
693.5,49.95
694,49.94
694.5,49.94
695,49.93
695.5,49.93
696,49.94
696.5,49.97
697,49.98
697.5,49.98
698,49.98
698.5,49.98
699,49.96
699.5,49.94
700,49.94
700.5,49.94
701,49.94
701.5,49.93
702,49.93
702.5,49.93
703,49.93
703.5,49.93
704,49.95
704.5,49.96
705,49.96
705.5,49.97
706,49.98
706.5,49.99
707,50
707.5,49.99
708,49.98
708.5,49.97
709,49.96
709.5,49.96
710,49.97
710.5,49.97
711,49.96
711.5,49.95
712,49.95
712.5,49.94
713,49.94
713.5,49.93
714,49.94
714.5,49.94
715,49.94
715.5,49.95
716,49.98
716.5,50
717,50.01
717.5,50.02
718,50.03
718.5,50.05
719,50.06
719.5,50.08
720,50.09
720.5,50.08
721,50.09
721.5,50.09
722,50.08
722.5,50.06
723,50.02
723.5,49.99
724,49.99
724.5,49.97
725,49.94
725.5,49.92
726,49.9
726.5,49.88
727,49.86
727.5,49.85
728,49.85
728.5,49.83
729,49.83
729.5,49.83
730,49.82
730.5,49.81
731,49.8
731.5,49.8
732,49.8
732.5,49.8
733,49.81
733.5,49.82
734,49.83
734.5,49.84
735,49.86
735.5,49.87
736,49.87
736.5,49.87
737,49.88
737.5,49.89
738,49.9
738.5,49.92
739,49.92
739.5,49.92
740,49.93
740.5,49.94
741,49.94
741.5,49.95
742,49.96
742.5,49.98
743,49.99
743.5,50
744,50.01
744.5,50
745,49.98
745.5,49.99
746,50
746.5,50
747,50.01
747.5,50.01
748,49.99
748.5,49.99
749,49.99
749.5,49.99
750,49.99
750.5,50
751,50.01
751.5,50
752,50.01
752.5,50.02
753,50.02
753.5,50.02
754,50.02
754.5,50.01
755,50.01
755.5,50.01
756,50
756.5,49.99
757,49.99
757.5,49.99
758,50
758.5,50
759,50
759.5,49.98
760,49.99
760.5,49.98
761,49.99
761.5,50
762,50.01
762.5,50.01
763,50.01
763.5,49.99
764,49.98
764.5,49.98
765,49.97
765.5,49.97
766,49.96
766.5,49.96
767,49.95
767.5,49.95
768,49.94
768.5,49.93
769,49.95
769.5,49.96
770,49.96
770.5,49.95
771,49.95
771.5,49.94
772,49.94
772.5,49.95
773,49.95
773.5,49.96
774,49.96
774.5,49.95
775,49.97
775.5,49.99
776,50
776.5,50.01
777,50.02
777.5,50.03
778,50.04
778.5,50.06
779,50.06
779.5,50.05
780,50.06
780.5,50.08
781,50.08
781.5,50.08
782,50.08
782.5,50.06
783,50.05
783.5,50.06
784,50.07
784.5,50.06
785,50.03
785.5,50.02
786,50.01
786.5,50.01
787,50
787.5,49.99
788,49.98
788.5,49.97
789,49.97
789.5,49.99
790,50
790.5,50.01
791,50.02
791.5,50.02
792,50.02
792.5,50.03
793,50.02
793.5,50.03
794,50.02
794.5,50.03
795,50.03
795.5,50.03
796,50.04
796.5,50.05
797,50.05
797.5,50.07
798,50.07
798.5,50.07
799,50.06
799.5,50.06
800,50.06
800.5,50.07
801,50.07
801.5,50.08
802,50.08
802.5,50.07
803,50.07
803.5,50.07
804,50.06
804.5,50.06
805,50.06
805.5,50.06
806,50.06
806.5,50.06
807,50.05
807.5,50.04
808,50.02
808.5,50.01
809,50
809.5,50.01
810,50.01
810.5,50.01
811,50
811.5,49.99
812,50
812.5,50
813,50
813.5,50.01
814,50.01
814.5,50.02
815,50.03
815.5,50.04
816,50.03
816.5,50.03
817,50.03
817.5,50.05
818,50.06
818.5,50.07
819,50.07
819.5,50.08
820,50.08
820.5,50.08
821,50.08
821.5,50.08
822,50.08
822.5,50.08
823,50.08
823.5,50.07
824,50.07
824.5,50.07
825,50.06
825.5,50.07
826,50.08
826.5,50.09
827,50.09
827.5,50.08
828,50.08
828.5,50.07
829,50.08
829.5,50.07
830,50.06
830.5,50.05
831,50.04
831.5,50.04
832,50.05
832.5,50.06
833,50.06
833.5,50.05
834,50.05
834.5,50.05
835,50.06
835.5,50.06
836,50.06
836.5,50.06
837,50.07
837.5,50.07
838,50.07
838.5,50.07
839,50.06
839.5,50.06
840,50.07
840.5,50.1
841,50.1
841.5,50.1
842,50.1
842.5,50.09
843,50.09
843.5,50.09
844,50.1
844.5,50.1
845,50.09
845.5,50.08
846,50.08
846.5,50.07
847,50.07
847.5,50.06
848,50.06
848.5,50.06
849,50.05
849.5,50.04
850,50.04
850.5,50.04
851,50.03
851.5,50.02
852,50.02
852.5,50
853,49.99
853.5,49.98
854,50
854.5,50
855,49.99
855.5,49.98
856,49.98
856.5,50
857,50
857.5,50.01
858,50.01
858.5,50
859,50
859.5,50
860,49.99
860.5,49.99
861,49.98
861.5,49.98
862,49.98
862.5,49.99
863,50
863.5,50
864,50
864.5,49.99
865,49.99
865.5,50
866,50.01
866.5,50.02
867,50.02
867.5,50.01
868,50.02
868.5,50.01
869,50.01
869.5,50
870,50
870.5,50.01
871,50.02
871.5,50.01
872,50
872.5,49.98
873,49.97
873.5,49.96
874,49.95
874.5,49.94
875,49.93
875.5,49.94
876,49.95
876.5,49.95
877,49.94
877.5,49.94
878,49.93
878.5,49.92
879,49.92
879.5,49.92
880,49.93
880.5,49.92
881,49.92
881.5,49.94
882,49.93
882.5,49.93
883,49.94
883.5,49.97
884,49.96
884.5,49.96
885,49.95
885.5,49.95
886,49.96
886.5,49.95
887,49.95
887.5,49.94
888,49.95
888.5,49.95
889,49.95
889.5,49.96
890,49.94
890.5,49.95
891,49.96
891.5,49.97
892,49.97
892.5,49.96
893,49.97
893.5,49.97
894,49.97
894.5,49.96
895,49.96
895.5,49.97
896,49.98
896.5,49.97
897,49.98
897.5,49.99
898,49.98
898.5,49.98
899,49.98
899.5,49.99
900,50
900.5,50.02
901,50.03
901.5,50.04
902,50.04
902.5,50.03
903,50.03
903.5,50.04
904,50.03
904.5,50.01
905,50
905.5,50
906,50
906.5,49.98
907,49.97
907.5,49.97
908,49.97
908.5,49.97
909,49.95
909.5,49.94
910,49.94
910.5,49.94
911,49.94
911.5,49.93
912,49.93
912.5,49.92
913,49.93
913.5,49.93
914,49.93
914.5,49.92
915,49.92
915.5,49.93
916,49.92
916.5,49.92
917,49.92
917.5,49.93
918,49.92
918.5,49.92
919,49.92
919.5,49.91
920,49.91
920.5,49.92
921,49.92
921.5,49.91
922,49.93
922.5,49.93
923,49.93
923.5,49.94
924,49.94
924.5,49.94
925,49.95
925.5,49.94
926,49.94
926.5,49.97
927,49.97
927.5,49.98
928,49.99
928.5,50
929,50.01
929.5,50.01
930,50.02
930.5,50.03
931,50.03
931.5,50.01
932,50
932.5,49.99
933,49.99
933.5,49.97
934,49.97
934.5,49.96
935,49.96
935.5,49.96
936,49.96
936.5,49.97
937,49.96
937.5,49.97
938,49.97
938.5,49.96
939,49.96
939.5,49.96
940,49.97
940.5,49.97
941,49.97
941.5,49.97
942,49.99
942.5,50
943,50.01
943.5,50.01
944,50.01
944.5,50.01
945,50.02
945.5,50.03
946,50.03
946.5,50.02
947,50.01
947.5,50.02
948,50.02
948.5,50.03
949,50.02
949.5,50.01
950,49.99
950.5,49.98
951,49.98
951.5,49.99
952,49.99
952.5,49.99
953,49.98
953.5,49.98
954,49.98
954.5,49.99
955,49.99
955.5,49.99
956,50
956.5,50
957,50.01
957.5,50.01
958,50.02
958.5,50.03
959,50.04
959.5,50.04
960,50.06
960.5,50.07
961,50.09
961.5,50.1
962,50.09
962.5,50.1
963,50.08
963.5,50.08
964,50.07
964.5,50.06
965,50.05
965.5,50.04
966,50.03
966.5,50.03
967,50.01
967.5,50
968,49.98
968.5,49.97
969,49.96
969.5,49.95
970,49.94
970.5,49.93
971,49.93
971.5,49.93
972,49.92
972.5,49.91
973,49.93
973.5,49.93
974,49.95
974.5,49.96
975,49.96
975.5,49.96
976,49.96
976.5,49.94
977,49.94
977.5,49.94
978,49.95
978.5,49.94
979,49.92
979.5,49.91
980,49.92
980.5,49.93
981,49.94
981.5,49.95
982,49.94
982.5,49.95
983,49.94
983.5,49.94
984,49.95
984.5,49.98
985,49.98
985.5,49.98
986,49.97
986.5,50
987,50
987.5,50
988,50.02
988.5,50.03
989,50.04
989.5,50.05
990,50.03
990.5,49.98
991,49.98
991.5,49.97
992,49.98
992.5,49.98
993,49.99
993.5,49.98
994,49.99
994.5,49.98
995,49.98
995.5,49.98
996,49.99
996.5,50.02
997,50.02
997.5,50.03
998,50.02
998.5,50.01
999,50.02
999.5,50.02
1000,50.01
1000.5,50.01
1001,50.02
1001.5,50.01
1002,50.01
1002.5,50.01
1003,50.01
1003.5,50.01
1004,50
1004.5,50
1005,50.01
1005.5,50
1006,50.01
1006.5,50.01
1007,50.01
1007.5,50
1008,50
1008.5,50
1009,49.98
1009.5,49.96
1010,49.95
1010.5,49.94
1011,49.94
1011.5,49.95
1012,49.96
1012.5,49.95
1013,49.95
1013.5,49.94
1014,49.94
1014.5,49.94
1015,49.92
1015.5,49.93
1016,49.94
1016.5,49.93
1017,49.93
1017.5,49.93
1018,49.94
1018.5,49.96
1019,49.98
1019.5,50
1020,50.04
1020.5,50.06
1021,50.06
1021.5,50.07
1022,50.07
1022.5,50.08
1023,50.07
1023.5,50.07
1024,50.06
1024.5,50.05
1025,50.05
1025.5,50.03
1026,50.04
1026.5,50.04
1027,50.01
1027.5,50
1028,49.99
1028.5,49.99
1029,49.98
1029.5,49.98
1030,49.99
1030.5,50
1031,50
1031.5,50.01
1032,50.02
1032.5,50.03
1033,50.04
1033.5,50.04
1034,50.04
1034.5,50.05
1035,50.04
1035.5,50.03
1036,50.02
1036.5,50
1037,49.99
1037.5,50
1038,50
1038.5,49.99
1039,49.98
1039.5,49.97
1040,49.98
1040.5,49.97
1041,49.97
1041.5,49.97
1042,49.98
1042.5,49.97
1043,49.97
1043.5,49.98
1044,49.97
1044.5,49.96
1045,49.96
1045.5,49.95
1046,49.95
1046.5,49.96
1047,49.96
1047.5,49.97
1048,49.97
1048.5,49.97
1049,49.97
1049.5,49.98
1050,50
1050.5,49.99
1051,49.99
1051.5,50
1052,49.99
1052.5,49.97
1053,49.96
1053.5,49.96
1054,49.95
1054.5,49.96
1055,49.97
1055.5,49.97
1056,49.96
1056.5,49.95
1057,49.96
1057.5,49.96
1058,49.96
1058.5,49.95
1059,49.95
1059.5,49.95
1060,49.96
1060.5,49.96
1061,49.96
1061.5,49.95
1062,49.95
1062.5,49.96
1063,49.99
1063.5,50
1064,50.03
1064.5,50.04
1065,50.04
1065.5,50.05
1066,50.04
1066.5,50.07
1067,50.06
1067.5,50.06
1068,50.06
1068.5,50.06
1069,50.04
1069.5,50.04
1070,50.03
1070.5,50.02
1071,50.01
1071.5,50.01
1072,50.01
1072.5,50.03
1073,50.02
1073.5,50.02
1074,50.04
1074.5,50.04
1075,50.03
1075.5,50.04
1076,50.05
1076.5,50.06
1077,50.07
1077.5,50.07
1078,50.07
1078.5,50.09
1079,50.08
1079.5,50.11
1080,50.12
1080.5,50.14
1081,50.17
1081.5,50.19
1082,50.18
1082.5,50.15
1083,50.14
1083.5,50.14
1084,50.12
1084.5,50.11
1085,50.1
1085.5,50.08
1086,50.07
1086.5,50.03
1087,50.01
1087.5,50.02
1088,50.02
1088.5,50
1089,49.98
1089.5,49.99
1090,49.97
1090.5,49.96
1091,49.96
1091.5,49.95
1092,49.96
1092.5,49.95
1093,49.96
1093.5,49.97
1094,50.02
1094.5,50.04
1095,50.06
1095.5,50.1
1096,50.12
1096.5,50.11
1097,50.1
1097.5,50.09
1098,50.1
1098.5,50.1
1099,50.1
1099.5,50.11
1100,50.1
1100.5,50.08
1101,50.08
1101.5,50.07
1102,50.08
1102.5,50.07
1103,50.06
1103.5,50.05
1104,50.05
1104.5,50.04
1105,50.03
1105.5,50.02
1106,50.02
1106.5,50.03
1107,50.03
1107.5,50.02
1108,50.01
1108.5,50
1109,50
1109.5,50.03
1110,50.04
1110.5,50.05
1111,50.08
1111.5,50.09
1112,50.08
1112.5,50.11
1113,50.1
1113.5,50.1
1114,50.09
1114.5,50.08
1115,50.07
1115.5,50.08
1116,50.06
1116.5,50.05
1117,50.03
1117.5,50.02
1118,50.01
1118.5,49.99
1119,50.01
1119.5,50
1120,49.99
1120.5,50
1121,50
1121.5,50.01
1122,50.02
1122.5,50
1123,49.99
1123.5,49.98
1124,50
1124.5,50.01
1125,49.99
1125.5,49.98
1126,49.98
1126.5,49.97
1127,49.96
1127.5,49.97
1128,49.96
1128.5,49.97
1129,49.97
1129.5,49.96
1130,49.97
1130.5,49.96
1131,49.97
1131.5,49.96
1132,49.95
1132.5,49.94
1133,49.95
1133.5,49.95
1134,49.96
1134.5,49.96
1135,49.95
1135.5,49.96
1136,49.96
1136.5,49.96
1137,49.95
1137.5,49.96
1138,49.95
1138.5,49.94
1139,49.95
1139.5,49.95
1140,49.95
1140.5,49.95
1141,49.95
1141.5,49.97
1142,49.96
1142.5,49.97
1143,49.96
1143.5,49.98
1144,49.97
1144.5,49.96
1145,49.94
1145.5,49.92
1146,49.94
1146.5,49.93
1147,49.93
1147.5,49.95
1148,49.94
1148.5,49.93
1149,49.94
1149.5,49.95
1150,49.93
1150.5,49.92
1151,49.92
1151.5,49.91
1152,49.9
1152.5,49.89
1153,49.9
1153.5,49.9
1154,49.91
1154.5,49.92
1155,49.91
1155.5,49.92
1156,49.92
1156.5,49.93
1157,49.93
1157.5,49.96
1158,49.98
1158.5,50.01
1159,50.01
1159.5,50.01
1160,50.02
1160.5,50.02
1161,50.01
1161.5,50
1162,50
1162.5,49.98
1163,49.97
1163.5,49.96
1164,49.95
1164.5,49.96
1165,49.97
1165.5,49.97
1166,49.98
1166.5,49.98
1167,49.99
1167.5,50.02
1168,50.02
1168.5,50.03
1169,50.04
1169.5,50.03
1170,50.03
1170.5,50.03
1171,50.02
1171.5,50.02
1172,50.02
1172.5,50.02
1173,50.02
1173.5,50
1174,50.01
1174.5,50
1175,49.98
1175.5,49.98
1176,49.99
1176.5,49.98
1177,49.98
1177.5,49.98
1178,49.98
1178.5,50
1179,50.01
1179.5,50.01
1180,50
1180.5,50
1181,50
1181.5,50
1182,50.01
1182.5,50.02
1183,50.04
1183.5,50.04
1184,50.05
1184.5,50.06
1185,50.05
1185.5,50.05
1186,50.05
1186.5,50.04
1187,50.04
1187.5,50.05
1188,50.06
1188.5,50.07
1189,50.07
1189.5,50.06
1190,50.07
1190.5,50.06
1191,50.05
1191.5,50.04
1192,50.05
1192.5,50.05
1193,50.06
1193.5,50.06
1194,50.06
1194.5,50.05
1195,50.04
1195.5,50.05
1196,50.05
1196.5,50.05
1197,50.04
1197.5,50.03
1198,50.02
1198.5,50.03
1199,50.07
1199.5,50.08
1200,50.09
1200.5,50.09
1201,50.08
1201.5,50.07
1202,50.07
1202.5,50.07
1203,50.05
1203.5,50.05
1204,50.03
1204.5,50.02
1205,50.02
1205.5,50
1206,50.02
1206.5,50.02
1207,50
1207.5,50.01
1208,50.02
1208.5,50.03
1209,50.02
1209.5,50.05
1210,50.05
1210.5,50.06
1211,50.05
1211.5,50.04
1212,50.03
1212.5,50.01
1213,50
1213.5,50
1214,50
1214.5,50.01
1215,49.98
1215.5,50
1216,50
1216.5,50
1217,50
1217.5,49.97
1218,49.96
1218.5,49.94
1219,49.94
1219.5,49.93
1220,49.93
1220.5,49.95
1221,49.95
1221.5,49.96
1222,49.97
1222.5,49.99
1223,50
1223.5,49.99
1224,49.98
1224.5,49.98
1225,49.98
1225.5,49.97
1226,49.96
1226.5,49.96
1227,49.95
1227.5,49.95
1228,49.96
1228.5,50.01
1229,50.01
1229.5,50.02
1230,50.01
1230.5,49.99
1231,49.97
1231.5,49.96
1232,49.93
1232.5,49.91
1233,49.89
1233.5,49.88
1234,49.87
1234.5,49.86
1235,49.86
1235.5,49.88
1236,49.88
1236.5,49.87
1237,49.86
1237.5,49.85
1238,49.84
1238.5,49.84
1239,49.83
1239.5,49.81
1240,49.83
1240.5,49.84
1241,49.83
1241.5,49.83
1242,49.82
1242.5,49.83
1243,49.84
1243.5,49.84
1244,49.86
1244.5,49.85
1245,49.82
1245.5,49.83
1246,49.83
1246.5,49.81
1247,49.79
1247.5,49.77
1248,49.75
1248.5,49.73
1249,49.73
1249.5,49.71
1250,49.72
1250.5,49.74
1251,49.77
1251.5,49.81
1252,49.84
1252.5,49.86
1253,49.92
1253.5,49.95
1254,49.94
1254.5,49.93
1255,49.93
1255.5,49.95
1256,49.97
1256.5,49.96
1257,49.94
1257.5,49.95
1258,49.99
1258.5,50.04
1259,50.03
1259.5,50.04
1260,50.1
1260.5,50.15
1261,50.19
1261.5,50.21
1262,50.19
1262.5,50.19
1263,50.2
1263.5,50.2
1264,50.21
1264.5,50.23
1265,50.22
1265.5,50.22
1266,50.21
1266.5,50.22
1267,50.23
1267.5,50.25
1268,50.25
1268.5,50.25
1269,50.25
1269.5,50.22
1270,50.18
1270.5,50.14
1271,50.15
1271.5,50.14
1272,50.12
1272.5,50.12
1273,50.15
1273.5,50.13
1274,50.12
1274.5,50.12
1275,50.14
1275.5,50.14
1276,50.14
1276.5,50.1
1277,50.09
1277.5,50.09
1278,50.12
1278.5,50.16
1279,50.17
1279.5,50.17
1280,50.17
1280.5,50.18
1281,50.2
1281.5,50.19
1282,50.17
1282.5,50.16
1283,50.17
1283.5,50.16
1284,50.17
1284.5,50.16
1285,50.15
1285.5,50.15
1286,50.15
1286.5,50.14
1287,50.14
1287.5,50.13
1288,50.11
1288.5,50.12
1289,50.11
1289.5,50.11
1290,50.1
1290.5,50.1
1291,50.11
1291.5,50.11
1292,50.11
1292.5,50.11
1293,50.11
1293.5,50.12
1294,50.11
1294.5,50.13
1295,50.14
1295.5,50.11
1296,50.11
1296.5,50.11
1297,50.11
1297.5,50.12
1298,50.12
1298.5,50.12
1299,50.14
1299.5,50.14
1300,50.15
1300.5,50.15
1301,50.16
1301.5,50.17
1302,50.17
1302.5,50.18
1303,50.2
1303.5,50.16
1304,50.13
1304.5,50.11
1305,50.09
1305.5,50.07
1306,50.06
1306.5,50.05
1307,50.07
1307.5,50.08
1308,50.1
1308.5,50.12
1309,50.15
1309.5,50.18
1310,50.18
1310.5,50.2
1311,50.18
1311.5,50.17
1312,50.17
1312.5,50.16
1313,50.15
1313.5,50.15
1314,50.14
1314.5,50.11
1315,50.11
1315.5,50.11
1316,50.12
1316.5,50.14
1317,50.14
1317.5,50.15
1318,50.16
1318.5,50.14
1319,50.13
1319.5,50.11
1320,50.12
1320.5,50.12
1321,50.1
1321.5,50.08
1322,50.07
1322.5,50.06
1323,50.02
1323.5,50.01
1324,49.99
1324.5,49.99
1325,50.01
1325.5,50.03
1326,50.05
1326.5,50.05
1327,50.06
1327.5,50.06
1328,50.08
1328.5,50.09
1329,50.1
1329.5,50.1
1330,50.1
1330.5,50.1
1331,50.1
1331.5,50.09
1332,50.08
1332.5,50.07
1333,50.07
1333.5,50.07
1334,50.05
1334.5,50.03
1335,49.99
1335.5,49.95
1336,49.91
1336.5,49.9
1337,49.9
1337.5,49.9
1338,49.89
1338.5,49.9
1339,49.9
1339.5,49.91
1340,49.91
1340.5,49.92
1341,49.93
1341.5,49.92
1342,49.92
1342.5,49.93
1343,49.94
1343.5,49.94
1344,49.95
1344.5,49.96
1345,49.97
1345.5,49.98
1346,49.99
1346.5,50.01
1347,50.03
1347.5,50.04
1348,50.05
1348.5,50.06
1349,50.07
1349.5,50.08
1350,50.07
1350.5,50.05
1351,50.01
1351.5,49.98
1352,49.97
1352.5,49.97
1353,49.97
1353.5,49.97
1354,49.97
1354.5,49.96
1355,49.96
1355.5,49.96
1356,49.97
1356.5,49.97
1357,49.97
1357.5,49.98
1358,49.98
1358.5,49.99
1359,49.99
1359.5,50
1360,50.01
1360.5,50.02
1361,50.03
1361.5,50.04
1362,50.04
1362.5,50.04
1363,50.04
1363.5,50.04
1364,50.04
1364.5,50.03
1365,50.02
1365.5,50.02
1366,50.03
1366.5,50.04
1367,50.05
1367.5,50.04
1368,50.05
1368.5,50.04
1369,50.04
1369.5,50.04
1370,50.04
1370.5,50.03
1371,50.04
1371.5,50.04
1372,50.04
1372.5,50.04
1373,50.05
1373.5,50.06
1374,50.07
1374.5,50.06
1375,50.06
1375.5,50.06
1376,50.05
1376.5,50.05
1377,50.06
1377.5,50.07
1378,50.08
1378.5,50.08
1379,50.07
1379.5,50.06
1380,50.05
1380.5,50.05
1381,50.04
1381.5,50.04
1382,50.05
1382.5,50.04
1383,50.04
1383.5,50.04
1384,50.03
1384.5,50.03
1385,50.02
1385.5,50
1386,50.01
1386.5,50.01
1387,50
1387.5,50.01
1388,50.02
1388.5,50.03
1389,50.03
1389.5,50.03
1390,50.02
1390.5,50.02
1391,50.01
1391.5,50.01
1392,49.99
1392.5,49.99
1393,49.98
1393.5,49.97
1394,49.96
1394.5,49.96
1395,49.96
1395.5,49.97
1396,49.97
1396.5,49.96
1397,49.96
1397.5,49.98
1398,49.98
1398.5,49.98
1399,49.97
1399.5,49.98
1400,49.99
1400.5,50
1401,50.01
1401.5,50.02
1402,50.03
1402.5,50.04
1403,50.04
1403.5,50.05
1404,50.05
1404.5,50.06
1405,50.05
1405.5,50.04
1406,50.04
1406.5,50.04
1407,50.05
1407.5,50.06
1408,50.07
1408.5,50.08
1409,50.07
1409.5,50.06
1410,50.05
1410.5,50.06
1411,50.06
1411.5,50.05
1412,50.05
1412.5,50.04
1413,50.05
1413.5,50.04
1414,50.04
1414.5,50.03
1415,50.03
1415.5,50.03
1416,50.02
1416.5,49.99
1417,49.97
1417.5,49.96
1418,49.96
1418.5,49.96
1419,49.95
1419.5,49.95
1420,49.95
1420.5,49.95
1421,49.95
1421.5,49.95
1422,49.94
1422.5,49.95
1423,49.97
1423.5,50
1424,50.02
1424.5,50.03
1425,50.03
1425.5,50.04
1426,50.05
1426.5,50.07
1427,50.07
1427.5,50.07
1428,50.07
1428.5,50.07
1429,50.07
1429.5,50.06
1430,50.06
1430.5,50.05
1431,50.04
1431.5,50.04
1432,50.04
1432.5,50.04
1433,50.04
1433.5,50.04
1434,50.05
1434.5,50.06
1435,50.05
1435.5,50.06
1436,50.07
1436.5,50.08
1437,50.08
