1
0.767082659862419
0.661666384368073
0.569179870235457
0.4854926835921
0.405329935194317
0.333435655265207
0.270609429649341
0.216025958944305
0.169648245346464
0.13759745854404
0.111492842437654
0.0970430521370659
0.089645480019782
0.0922654261116295
0.0894978099489448
0.0714905597171899
0.0443398185554655
0.026284185802623
0.0148906080377616
0.0151263076768732
0.0109500443521004
0.0154971358254115
0.0245194073237878
0.0368570622174793
0.0512980809034928
0.0655995181617621
0.0840019839516487
0.1103726003776
0.137097043524577
0.150592973835657
0.137434284327878
0.110586868541582
0.0807356625139131
0.0594065732374976
0.0411258475205432
0.0238730465100376
0.00756809063618359
-0.00422412562703955
-0.0158223044955461
-0.0184206772930175
-0.0195366564711732
-0.0119441331994561
-0.00185618606082812
0.0168934780601748
0.0337750250093689
0.0337133322204877
0.0278698900697556
0.030076988963451
0.0363114329317238
0.0499137288722285
0.0693388326652753
0.0951342259903013
0.125370015057826
0.159620507865389
0.200290070282729
0.243710125939719
0.288115513455983
0.338256940628423
0.386403397375379
0.414683440689454
