1
0.77610425506082
0.665822393924965
0.566493597159764
0.478689350029554
0.3952125925224
0.318405387748417
0.24618757152304
0.19179731148143
0.147361276060908
0.118403413845113
0.0925438194976399
0.0806297094451671
0.0791196487189485
0.0855416488643619
0.0895944815703779
0.0729888520555581
0.0490750174787261
0.0292072507338302
0.0157452068287176
0.0136335874827806
0.0094803951695008
0.0114136421541717
0.0174109718761471
0.030361532013746
0.044424231569824
0.05873077216237
0.078453587024247
0.105694104627556
0.13500799608722
0.155573458502533
0.142350942079096
0.115355183214353
0.0868959700203601
0.0665880137369725
0.0483274875728129
0.02851788211815
0.011174055116236
0.00227032777569436
-0.001699325832664
0.00104932000967877
-0.00086865219869171
0.00726837243350721
0.0201917054950032
0.0386264899658506
0.0527949209941046
0.0462336357809171
0.0341897509811053
0.0303825362833875
0.031487787452676
0.0420854576063417
0.0538340118527506
0.075077250958716
0.103424964153216
0.139436558864115
0.182941243322335
0.227702805304505
0.273549877149409
0.326072962993988
0.37268688060805
0.403816280150479
