1
0.868502923258768
0.754649573462692
0.636760008313553
0.526978358828385
0.433232626039914
0.356117498161394
0.296607887418605
0.254209238926291
0.225876434247757
0.202886004485325
0.186331399930343
0.173105045504603
0.159111549338532
0.14796356496478
0.136978514127224
0.12469951115535
0.115580089994563
0.104770132623261
0.0928764730533593
0.0806700446219832
0.0702517159643082
0.0609048152939873
0.0558305351587802
0.0551293197186405
0.0591600751149272
0.0674039359344053
0.0800773591107542
0.092509028154552
0.104304737015852
0.11336662967151
0.111197498241475
0.103975847459778
0.092227069298834
0.0764927787434702
0.0633872040684756
0.0515776669296274
0.0468562626239582
0.0460002948825086
0.0497487558092316
0.0537312186767632
0.0568532016282066
0.0602040039899948
0.061603745067587
0.0615694410192159
0.0609960919875562
0.0586944077068563
0.0547108756353456
0.0496073126245177
0.0435799865726698
0.037505495329835
0.0324038944736577
0.032073619873344
0.0347762334462298
0.0399668186643064
0.0474347212384833
0.0597426362283911
0.0736370530738618
0.0865737610407565
0.0987261537494092
0.108221086635889
