1
0.858056954813235
0.746671025941055
0.631396417613317
0.52928092619757
0.442103077885529
0.370089099892669
0.313377024906965
0.270184799948775
0.239715435877689
0.215654136009709
0.198421130129308
0.184281237597074
0.170168609732209
0.158760580217341
0.146608810655864
0.133110004601623
0.118837234184888
0.104716288462714
0.09241283249356
0.0833627991791701
0.0768125989191479
0.0721938244368352
0.0713050168403193
0.0745429801814915
0.0812771688222157
0.0902188646619676
0.0999560366613451
0.108791877166751
0.116279554778807
0.12080291217422
0.115539868046759
0.104221150800943
0.0905793191690437
0.0753957933870425
0.0614580231930196
0.0496928105089829
0.0430350814879381
0.0407704347806287
0.0431140222293271
0.0473249334064478
0.051905462734851
0.0577493116080677
0.0635225417709191
0.0675939927530835
0.0722005985560288
0.0725653622979361
0.0702606225758217
0.0647805076032679
0.0593381199021224
0.053130060632221
0.0466997225258899
0.0413435172003924
0.041073390491265
0.0417436571397052
0.0458768252592037
0.0514891513436544
0.0639365072385575
0.0773173067064652
0.0881756043228702
0.0952667221552488
