1
0.770051420124681
0.672030799162306
0.594813346429258
0.526727828883165
0.464099514757784
0.40982045937076
0.357419379930578
0.313409085124939
0.274074620617589
0.24151109971136
0.216640452790367
0.195164600298884
0.185251409138611
0.181306281284525
0.172761843957271
0.156452469246935
0.135070558387431
0.120611155505324
0.111989707965773
0.106922660246888
0.108170049491989
0.111324846402308
0.118147642639608
0.125541519355435
0.13032014533403
0.138640198683257
0.151518894252544
0.168059356779084
0.188399538008121
0.196164089625002
0.183185880438527
0.159471865986609
0.137232598284905
0.121758656046472
0.110130314529559
0.0978979908780292
0.0873567579555358
0.0780218908226864
0.0712097252669607
0.0660973155410053
0.0655155934827609
0.0653544912156044
0.07522516769128
0.0909507710743731
0.101305352567324
0.104353787208122
0.100856060822793
0.104545964103835
0.114685774786253
0.130715002874813
0.145699855163249
0.16479403419544
0.187121592538226
0.214121715018168
0.24372445023922
0.276881661147352
0.309661558952532
0.351027786284205
0.387672742173311
0.404604121062589
