1
0.929451311740204
0.85530380571858
0.760877441036597
0.658032383628353
0.552270466610727
0.462277441934356
0.385446279337338
0.321072482089512
0.271412728309937
0.235845055789386
0.209737020640753
0.19242550875934
0.182290387754667
0.176523605479294
0.173222956802774
0.173999845297036
0.177098119444316
0.180441900345881
0.185337782207022
0.191327223778118
0.195481776307868
0.198248285656633
0.199074524862337
0.197423824695451
0.193511291612376
0.187107314013371
0.17939167732481
0.171361088149602
0.163805868916465
0.156801735790335
0.151015120102903
0.146060071769529
0.141662266134864
0.13904748600964
0.136960403307917
0.136155973249411
0.135197580628206
0.135131668969158
0.135223396973575
0.134898771058924
0.13314642868029
0.130836518815463
0.128992461579883
0.125824714841048
0.122817953846936
0.120666979955659
0.119963622935108
0.120017434526102
0.122530849619675
0.127602419171324
0.134751195878846
0.143141288491054
0.152588060309894
0.162862449474896
0.173471795670883
0.18340086611979
0.193220077444511
0.200652901497949
0.20671520692139
0.209945017358607
