1
0.854888969887177
0.722010910161661
0.602663478870257
0.493400750936694
0.407426984166695
0.338950332599555
0.285992530906828
0.249565325318357
0.223872781300481
0.209268185228497
0.196505043382975
0.185698168247862
0.176147790767641
0.165209079306116
0.158611419580883
0.152738943358632
0.146755984637986
0.136870844726814
0.123235294487626
0.110171155274703
0.098497986860125
0.0930203183659038
0.0873387261966704
0.081692595683971
0.081405084790604
0.0858677003961453
0.0947229033039285
0.104389451286916
0.115127738892534
0.122399323864984
0.121258000711074
0.116756996393496
0.109574900174342
0.101697558439086
0.0915016396168924
0.080730088856902
0.0731205009099666
0.0671957668913752
0.0629580394633493
0.0618130046359308
0.062699422362351
0.0676533913533937
0.0723975393481029
0.0773671152281489
0.0806668027925442
0.0836172776471015
0.0887342214742211
0.0903568067448488
0.0880259359575099
0.0870671680210707
0.0842075074775591
0.0854278598647476
0.0870638649920543
0.0889357977916049
0.090055755765399
0.0921316479071259
0.0943281430516275
0.0996431703129284
0.106112263069434
0.110535546161172
