1
0.894114166894592
0.806608101725253
0.708176836184247
0.620327401305084
0.542176881771933
0.477013593266215
0.423287059374531
0.37977804316908
0.344608039310723
0.316706875453601
0.294449412935663
0.275300298607444
0.25672554571937
0.240266949775017
0.224045062316759
0.210233127117497
0.197051491411093
0.184058878192423
0.1703050792773
0.158651633421592
0.147729481962689
0.138653470717119
0.133245336903053
0.132169750392123
0.131048640734051
0.134399944495667
0.138594532207796
0.142826480955736
0.145413383925568
0.145698820727912
0.138059620511313
0.128507202662388
0.117046342067709
0.105228568301072
0.0962602346227747
0.090571562941627
0.0851295544379398
0.0823276271546791
0.0814434984764842
0.0807725141251111
0.0814869034869688
0.0818397177351901
0.0835356539539568
0.0841654519518935
0.0856878757146675
0.0846596322554469
0.0829947253397768
0.079481000788988
0.0774162730906865
0.0751343462032142
0.0726530573215487
0.0722580809071253
0.0734835411920503
0.0768143606570387
0.0808143463952412
0.0877802631296828
0.0958278811311556
0.103285894894368
0.112395883502701
0.118665320657089
