1
0.762329135972198
0.656868360878631
0.573080576238433
0.499324984022418
0.42318166738042
0.350360042730658
0.284100986300371
0.226593644387425
0.177776425684744
0.138244495270999
0.109818256048184
0.0863202313084055
0.0723904826959731
0.0689410823841101
0.0622272516254455
0.0439514284602637
0.0239634579858199
0.00961095889578905
0.00363706593731726
0.00018240639959736
0.00356889697210505
0.00765568311849913
0.011770439146615
0.020045307054508
0.0309674481083613
0.0448844826118802
0.057202388068264
0.0763765594511266
0.0973746579626787
0.110657258333889
0.0972736271809009
0.0751059714896317
0.055536738264402
0.0388921645849874
0.0258509027583051
0.0111022589253411
-0.00077965422208887
-0.0113089582125564
-0.0189915408970922
-0.0239806172212169
-0.0247531075744075
-0.0210858451155133
-0.0121679523266249
0.00204302278629194
0.0131472408215517
0.0170146527181028
0.0170006520154818
0.0190040706081465
0.031305345619536
0.051615325552298
0.0731092885142793
0.0999411913010183
0.129858592513252
0.164655135794241
0.20229839326505
0.2410082354294
0.277377068095806
0.31846454355419
0.358355365107635
0.378406090798159
