1
0.972415547216148
0.935410114591345
0.891419289209846
0.843452902265197
0.795339518632938
0.74643104472034
0.699096791728051
0.6555392726481
0.618178114924372
0.584613492633991
0.557163698455117
0.533839491966934
0.512493922859804
0.495152102877371
0.480333462103772
0.467526190432672
0.456020462547638
0.446890917183826
0.437340995718902
0.429899936241562
0.423673640866417
0.418267593893229
0.412028368317647
0.406264379246309
0.400511805655442
0.396401243588455
0.392673781741234
0.38837510522465
0.385482336699789
0.382046541067114
0.376916200668103
0.370726478895046
0.363935840171111
0.35671795402549
0.351661463109912
0.348039770026864
0.343836961513946
0.339736190046012
0.334812140736189
0.329657344494817
0.326104956735304
0.325458848404391
0.323663549575629
0.32007469837548
0.314817975250577
0.305871297897207
0.296121144222958
0.2876466739339
0.281389973997982
0.279182685108648
0.278232090524204
0.278474131360268
0.281221064604121
0.286047157554044
0.292864818085456
0.300693870908353
0.308201555235189
0.315545470793338
0.32135325375323
0.326063567017023
