1
0.898652507606091
0.799007488401436
0.699044710167444
0.605127777741763
0.524833120638316
0.455745134762062
0.397346958787517
0.351876219443972
0.317844892446708
0.290615456443492
0.267993093505845
0.249059550591902
0.230731576660593
0.214546434084765
0.19749786743651
0.180225327429944
0.164465400665741
0.149643416902558
0.135214894704553
0.124166326477817
0.11451092365198
0.105955314532036
0.100857527480235
0.0981027981233615
0.0995872693746542
0.103602470301767
0.109033883498611
0.116326651849674
0.124126622702239
0.127766441854826
0.12162131456208
0.111422065707914
0.101900194927489
0.0936783749101509
0.0860613107152077
0.0788156211485742
0.0720525967152349
0.0684065088803243
0.0661662993015592
0.0655533014208548
0.0641430037130213
0.0651501924896897
0.0659440584340682
0.0685558007583341
0.070548305882437
0.0700253224827567
0.0696081280493371
0.0680509985790053
0.0653893080388586
0.0652847757031392
0.0647319336370595
0.0668004238824694
0.070920038300897
0.0773122944980688
0.0837580529008606
0.090170941837775
0.0978632215902763
0.106195420106335
0.115292362324367
0.120484011751437
