1
0.898618132748376
0.806121550734434
0.709100988100274
0.619326792898705
0.539926681218603
0.472663016536365
0.416649040054063
0.371424380104317
0.335806997547805
0.307791495829969
0.286681054442746
0.269256366335004
0.252900755354106
0.239279300496353
0.227665724634297
0.215805749293942
0.205531568390177
0.197048889658262
0.187857772213816
0.180215722985752
0.173261947374461
0.168802163745395
0.165803585393954
0.167252430096321
0.170522892048631
0.176868147495456
0.185870865078929
0.192757652727226
0.197961472498455
0.200166703443736
0.192714235531351
0.182423508627174
0.171659342149281
0.159910073912467
0.147860928330173
0.135731063174442
0.126703573173706
0.120279123200898
0.116427056430231
0.11411751952217
0.112790159006354
0.114755460542333
0.113663823797358
0.11350785245503
0.113762189235391
0.113448224774863
0.112473787892815
0.112399854935335
0.110449893090197
0.110075263110445
0.111315982718557
0.112551971884773
0.116119560920254
0.122400015093082
0.129106146449689
0.136162821965414
0.144399206740843
0.150844695883992
0.155717222309088
0.15787306111104
