1
0.887348842653254
0.779967192091175
0.667750725772554
0.561826262733242
0.475062407263372
0.400763659428721
0.342938340940739
0.297881563512627
0.263803396539871
0.237053660452249
0.21673619894156
0.200483670882359
0.185260048091262
0.173425593979685
0.164479171774169
0.156380406962916
0.14940845596315
0.140878920464618
0.129810948247143
0.119210500721539
0.11072016974167
0.104693188050166
0.0991802051669336
0.0970042032223698
0.0966912128842358
0.0951884211441467
0.0964182554635789
0.0980761403653805
0.100049129820391
0.100952878928274
0.0946316572384257
0.0861400491163569
0.077665910493127
0.0679627405827207
0.0591448275831168
0.0529034661185131
0.0502180761767428
0.0507361699306823
0.0528932084186117
0.0562203599752775
0.0576477036066749
0.0616818426142888
0.0645022097421702
0.0654841969876407
0.0673981885502122
0.0657384798507114
0.0634856439913457
0.0600231504436726
0.0557361971438825
0.0525477503606729
0.0485774739557645
0.044852842738124
0.0408446498323615
0.0409200998046189
0.0466015928477407
0.0552571366986502
0.0661057005860666
0.0800730707508276
0.09386113276934
0.103221347117622
